0 0 10 0 0 0
0.000230934 0 10 0.0113036 97.8938 0
0.000461868 0 10 0.0452131 195.776 0
0.000692801 0 10 0.101725 293.636 0
0.000923735 0 10.0001 0.180831 391.461 0
0.00115467 0 10.0001 0.282524 489.241 0
0.0013856 0 10.0002 0.406791 586.963 0
0.00161654 0 10.0003 0.553618 684.617 0
0.00184747 0 10.0004 0.722987 782.191 0
0.0020784 0 10.0006 0.91488 879.674 0
0.00230934 0 10.0009 1.12927 977.054 0
0.00254027 0 10.0012 1.36614 1074.32 0
0.00277121 0 10.0015 1.62546 1171.46 0
0.00300214 0 10.0019 1.90719 1268.47 0
0.00323307 0 10.0024 2.21131 1365.32 0
0.00346401 0 10.0029 2.53778 1462.02 0
0.00369494 0 10.0036 2.88656 1558.55 0
0.00392587 0 10.0043 3.25761 1654.9 0
0.00415681 0 10.0051 3.65089 1751.06 0
0.00438774 0 10.006 4.06635 1847.01 0
0.00461868 0 10.0069 4.50394 1942.75 0
0.00484961 0 10.008 4.96362 2038.26 0
0.00508054 0 10.0092 5.44533 2133.54 0
0.00531148 0 10.0106 5.94902 2228.58 0
0.00554241 0 10.012 6.47462 2323.35 0
0.00577334 0 10.0135 7.02208 2417.86 0
0.00600428 0 10.0152 7.59133 2512.09 0
0.00623521 0 10.0171 8.18231 2606.04 0
0.00646615 0 10.019 8.79495 2699.68 0
0.00669708 0 10.0211 9.42918 2793.02 0
0.00692801 0 10.0234 10.0849 2886.03 0
0.00715895 0 10.0258 10.7621 2978.72 0
0.00738988 0 10.0283 11.4607 3071.06 0
0.00762081 0 10.0311 12.1805 3163.06 0
0.00785175 0 10.034 12.9216 3254.7 0
0.00808268 0 10.037 13.6837 3345.97 0
0.00831362 0 10.0403 14.4669 3436.86 0
0.00854455 0 10.0437 15.2711 3527.36 0
0.00877548 0 10.0473 16.0961 3617.47 0
0.00900642 0 10.0512 16.9418 3707.16 0
0.00923735 0 10.0552 17.8083 3796.44 0
0.00946828 0 10.0594 18.6953 3885.3 0
0.00969922 0 10.0638 19.6027 3973.72 0
0.00993015 0 10.0684 20.5306 4061.7 0
0.0101611 0 10.0733 21.4786 4149.22 0
0.010392 0 10.0784 22.4469 4236.28 0
0.010623 0 10.0837 23.4352 4322.88 0
0.0108539 0 10.0892 24.4435 4408.99 0
0.0110848 0 10.095 25.4715 4494.62 0
0.0113158 0 10.101 26.5193 4579.76 0
0.0115467 0 10.1072 27.5868 4664.39 0
0.0117776 0 10.1137 28.6736 4748.51 0
0.0120086 0 10.1204 29.7799 4832.11 0
0.0122395 0 10.1275 30.9054 4915.18 0
0.0124704 0 10.1347 32.05 4997.73 0
0.0127014 0 10.1423 33.2136 5079.72 0
0.0129323 0 10.1501 34.3961 5161.17 0
0.0131632 0 10.1581 35.5974 5242.07 0
0.0133942 0 10.1665 36.8172 5322.4 0
0.0136251 0 10.1752 38.0556 5402.16 0
0.013856 0 10.1841 39.3123 5481.34 0
0.014087 0 10.1933 40.5872 5559.94 0
0.0143179 0 10.2028 41.8802 5637.95 0
0.0145488 0 10.2127 43.1911 5715.36 0
0.0147798 0 10.2228 44.5199 5792.17 0
0.0150107 0 10.2332 45.8663 5868.37 0
0.0152416 0 10.244 47.2302 5943.95 0
0.0154726 0 10.255 48.6116 6018.92 0
0.0157035 0 10.2664 50.0101 6093.25 0
0.0159344 0 10.2781 51.4258 6166.96 0
0.0161654 0 10.2902 52.8584 6240.03 0
0.0163963 0 10.3026 54.3078 6312.45 0
0.0166272 0 10.3153 55.7739 6384.23 0
0.0168582 0 10.3283 57.2564 6455.35 0
0.0170891 0 10.3417 58.7553 6525.81 0
0.01732 0 10.3555 60.2704 6595.61 0
0.017551 0 10.3695 61.8016 6664.75 0
0.0177819 0 10.384 63.3486 6733.21 0
0.0180128 0 10.3988 64.9114 6801 0
0.0182438 0 10.414 66.4897 6868.11 0
0.0184747 0 10.4295 68.0835 6934.53 0
0.0187056 0 10.4454 69.6925 7000.26 0
0.0189366 0 10.4617 71.3166 7065.31 0
0.0191675 0 10.4784 72.9557 7129.65 0
0.0193984 0 10.4954 74.6095 7193.3 0
0.0196294 0 10.5128 76.278 7256.25 0
0.0198603 0 10.5306 77.9609 7318.49 0
0.0200912 0 10.5488 79.6581 7380.03 0
0.0203222 0 10.5674 81.3694 7440.85 0
0.0205531 0 10.5864 83.0947 7500.96 0
0.020784 0 10.6058 84.8338 7560.35 0
0.021015 0 10.6256 86.5866 7619.03 0
0.0212459 0 10.6458 88.3528 7676.98 0
0.0214768 0 10.6664 90.1322 7734.21 0
0.0217078 0 10.6874 91.9249 7790.72 0
0.0219387 0 10.7089 93.7305 7846.5 0
0.0221696 0 10.7307 95.5489 7901.54 0
0.0224006 0 10.753 97.3799 7955.86 0
0.0226315 0 10.7757 99.2234 8009.45 0
0.0228624 0 10.7988 101.079 8062.31 0
0.0230934 0 10.8224 102.947 8114.42 0
0.0233243 0 10.8464 104.827 8165.81 0
0.0235552 0 10.8708 106.718 8216.46 0
0.0237862 0 10.8957 108.622 8266.37 0
0.0240171 0 10.921 110.536 8315.54 0
0.024248 0 10.9467 112.462 8363.97 0
0.024479 0 10.9729 114.399 8411.67 0
0.0247099 0 10.9996 116.347 8458.62 0
0.0249408 0 11.0267 118.306 8504.84 0
0.0251718 0 11.0542 120.275 8550.31 0
0.0254027 0 11.0822 122.255 8595.05 0
0.0256336 0 11.1107 124.245 8639.05 0
0.0258646 0 11.1396 126.245 8682.3 0
0.0260955 0 11.169 128.255 8724.82 0
0.0263264 0 11.1988 130.275 8766.6 0
0.0265574 0 11.2291 132.304 8807.65 0
0.0267883 0 11.2599 134.343 8847.95 0
0.0270192 0 11.2912 136.391 8887.52 0
0.0272502 0 11.3229 138.448 8926.35 0
0.0274811 0 11.3551 140.513 8964.45 0
0.0277121 0 11.3878 142.588 9001.82 0
0.027943 0 11.421 144.671 9038.46 0
0.0281739 0 11.4546 146.762 9074.36 0
0.0284049 0 11.4888 148.862 9109.54 0
0.0286358 0 11.5234 150.97 9143.99 0
0.0288667 0 11.5585 153.085 9177.71 0
0.0290977 0 11.5941 155.209 9210.71 0
0.0293286 0 11.6302 157.339 9242.99 0
0.0295595 0 11.6668 159.478 9274.54 0
0.0297905 0 11.7039 161.623 9305.38 0
0.0300214 0 11.7414 163.775 9335.5 0
0.0302523 0 11.7795 165.935 9364.91 0
0.0304833 0 11.8181 168.101 9393.61 0
0.0307142 0 11.8571 170.273 9421.6 0
0.0309451 0 11.8967 172.452 9448.88 0
0.0311761 0 11.9368 174.637 9475.46 0
0.031407 0 11.9774 176.828 9501.34 0
0.0316379 0 12.0185 179.026 9526.52 0
0.0318689 0 12.0601 181.228 9551 0
0.0320998 0 12.1022 183.437 9574.79 0
0.0323307 0 12.1448 185.651 9597.89 0
0.0325617 0 12.1879 187.87 9620.3 0
0.0327926 0 12.2316 190.094 9642.03 0
0.0330235 0 12.2757 192.323 9663.08 0
0.0332545 0 12.3204 194.557 9683.45 0
0.0334854 0 12.3656 196.795 9703.15 0
0.0337163 0 12.4113 199.038 9722.18 0
0.0339473 0 12.4575 201.286 9740.53 0
0.0341782 0 12.5042 203.537 9758.23 0
0.0344091 0 12.5515 205.793 9775.26 0
0.0346401 0 12.5993 208.052 9791.64 0
0.034871 0 12.6476 210.315 9807.37 0
0.0351019 0 12.6964 212.582 9822.44 0
0.0353329 0 12.7458 214.852 9836.87 0
0.0355638 0 12.7957 217.125 9850.66 0
0.0357947 0 12.8461 219.401 9863.81 0
0.0360257 0 12.897 221.681 9876.32 0
0.0362566 0 12.9485 223.963 9888.21 0
0.0364875 0 13.0004 226.248 9899.46 0
0.0367185 0 13.053 228.535 9910.1 0
0.0369494 0 13.106 230.825 9920.12 0
0.0371803 0 13.1596 233.117 9929.52 0
0.0374113 0 13.2137 235.411 9938.32 0
0.0376422 0 13.2683 237.707 9946.51 0
0.0378731 0 13.3235 240.005 9954.09 0
0.0381041 0 13.3791 242.304 9961.08 0
0.038335 0 13.4354 244.605 9967.48 0
0.0385659 0 13.4921 246.908 9973.29 0
0.0387969 0 13.5494 249.212 9978.52 0
0.0390278 0 13.6072 251.517 9983.16 0
0.0392587 0 13.6656 253.823 9987.23 0
0.0394897 0 13.7245 256.129 9990.73 0
0.0397206 0 13.7839 258.437 9993.66 0
0.0399515 0 13.8438 260.745 9996.04 0
0.0401825 0 13.9043 263.054 9997.85 0
0.0404134 0 13.9653 265.363 9999.11 0
0.0406443 0 14.0269 267.672 9999.82 0
0.0408753 0 14.0889 269.981 9999.99 0
0.0411062 0 14.1516 272.291 9999.62 0
0.0413371 0 14.2147 274.6 9998.71 0
0.0415681 0 14.2784 276.909 9997.28 0
0.041799 0 14.3426 279.217 9995.32 0
0.0420299 0 14.4073 281.525 9992.84 0
0.0422609 0 14.4726 283.832 9989.84 0
0.0424918 0 14.5384 286.139 9986.33 0
0.0427227 0 14.6048 288.445 9982.32 0
0.0429537 0 14.6717 290.75 9977.8 0
0.0431846 0 14.7391 293.053 9972.78 0
0.0434155 0 14.807 295.356 9967.28 0
0.0436465 0 14.8755 297.657 9961.28 0
0.0438774 0 14.9445 299.956 9954.8 0
0.0441083 0 15.014 302.254 9947.85 0
0.0443393 0 15.0841 304.551 9940.41 0
0.0445702 0 15.1547 306.846 9932.51 0
0.0448011 0 15.2258 309.138 9924.15 0
0.0450321 0 15.2975 311.429 9915.32 0
0.045263 0 15.3697 313.718 9906.04 0
0.0454939 0 15.4424 316.004 9896.31 0
0.0457249 0 15.5156 318.289 9886.14 0
0.0459558 0 15.5894 320.57 9875.52 0
0.0461868 0 15.6637 322.85 9864.47 0
0.0464177 0 15.7385 325.127 9852.98 0
0.0466486 0 15.8138 327.401 9841.07 0
0.0468796 0 15.8897 329.672 9828.73 0
0.0471105 0 15.9661 331.94 9815.98 0
0.0473414 0 16.043 334.205 9802.81 0
0.0475724 0 16.1205 336.468 9789.24 0
0.0478033 0 16.1984 338.727 9775.26 0
0.0480342 0 16.2769 340.982 9760.88 0
0.0482652 0 16.3559 343.235 9746.11 0
0.0484961 0 16.4354 345.484 9730.94 0
0.048727 0 16.5155 347.729 9715.39 0
0.048958 0 16.596 349.971 9699.46 0
0.0491889 0 16.6771 352.209 9683.16 0
0.0494198 0 16.7587 354.443 9666.48 0
0.0496508 0 16.8408 356.674 9649.43 0
0.0498817 0 16.9234 358.9 9632.02 0
0.0501126 0 17.0066 361.122 9614.25 0
0.0503436 0 17.0902 363.341 9596.12 0
0.0505745 0 17.1744 365.555 9577.65 0
0.0508054 0 17.2591 367.764 9558.83 0
0.0510364 0 17.3443 369.969 9539.67 0
0.0512673 0 17.43 372.17 9520.17 0
0.0514982 0 17.5162 374.366 9500.34 0
0.0517292 0 17.6029 376.558 9480.18 0
0.0519601 0 17.6901 378.745 9459.69 0
0.052191 0 17.7778 380.927 9438.89 0
0.052422 0 17.866 383.104 9417.77 0
0.0526529 0 17.9547 385.277 9396.34 0
0.0528838 0 18.044 387.444 9374.6 0
0.0531148 0 18.1337 389.607 9352.56 0
0.0533457 0 18.2239 391.764 9330.22 0
0.0535766 0 18.3146 393.916 9307.58 0
0.0538076 0 18.4058 396.063 9284.66 0
0.0540385 0 18.4975 398.204 9261.44 0
0.0542694 0 18.5898 400.34 9237.95 0
0.0545004 0 18.6825 402.471 9214.17 0
0.0547313 0 18.7756 404.596 9190.12 0
0.0549622 0 18.8693 406.716 9165.8 0
0.0551932 0 18.9635 408.829 9141.21 0
0.0554241 0 19.0581 410.938 9116.36 0
0.055655 0 19.1533 413.04 9091.25 0
0.055886 0 19.2489 415.136 9065.88 0
0.0561169 0 19.345 417.227 9040.26 0
0.0563478 0 19.4416 419.312 9014.4 0
0.0565788 0 19.5387 421.391 8988.29 0
0.0568097 0 19.6362 423.463 8961.94 0
0.0570406 0 19.7343 425.53 8935.35 0
0.0572716 0 19.8328 427.59 8908.53 0
0.0575025 0 19.9318 429.644 8881.48 0
0.0577334 0 20.0312 431.692 8854.2 0
0.0579644 0 20.1311 433.734 8826.7 0
0.0581953 0 20.2315 435.769 8798.98 0
0.0584262 0 20.3324 437.798 8771.05 0
0.0586572 0 20.4338 439.82 8742.91 0
0.0588881 0 20.5356 441.836 8714.55 0
0.059119 0 20.6378 443.845 8685.99 0
0.05935 0 20.7406 445.848 8657.23 0
0.0595809 0 20.8437 447.843 8628.27 0
0.0598118 0 20.9474 449.833 8599.12 0
0.0600428 0 21.0515 451.815 8569.77 0
0.0602737 0 21.1561 453.791 8540.24 0
0.0605046 0 21.2611 455.76 8510.52 0
0.0607356 0 21.3666 457.721 8480.61 0
0.0609665 0 21.4725 459.676 8450.53 0
0.0611974 0 21.5789 461.624 8420.27 0
0.0614284 0 21.6857 463.565 8389.84 0
0.0616593 0 21.793 465.499 8359.24 0
0.0618902 0 21.9007 467.426 8328.48 0
0.0621212 0 22.0089 469.346 8297.55 0
0.0623521 0 22.1175 471.259 8266.45 0
0.062583 0 22.2265 473.164 8235.21 0
0.062814 0 22.336 475.062 8203.8 0
0.0630449 0 22.446 476.953 8172.24 0
0.0632758 0 22.5563 478.837 8140.54 0
0.0635068 0 22.6671 480.713 8108.69 0
0.0637377 0 22.7783 482.582 8076.69 0
0.0639687 0 22.89 484.443 8044.55 0
0.0641996 0 23.0021 486.297 8012.28 0
0.0644305 0 23.1146 488.144 7979.87 0
0.0646615 0 23.2275 489.983 7947.33 0
0.0648924 0 23.3409 491.815 7914.65 0
0.0651233 0 23.4547 493.639 7881.85 0
0.0653543 0 23.5689 495.455 7848.93 0
0.0655852 0 23.6835 497.264 7815.88 0
0.0658161 0 23.7986 499.065 7782.71 0
0.0660471 0 23.914 500.858 7749.42 0
0.066278 0 24.0299 502.644 7716.02 0
0.0665089 0 24.1462 504.422 7682.51 0
0.0667399 0 24.2629 506.192 7648.89 0
0.0669708 0 24.38 507.955 7615.16 0
0.0672017 0 24.4975 509.709 7581.32 0
0.0674327 0 24.6154 511.456 7547.38 0
0.0676636 0 24.7337 513.195 7513.34 0
0.0678945 0 24.8524 514.926 7479.2 0
0.0681255 0 24.9715 516.65 7444.96 0
0.0683564 0 25.091 518.365 7410.63 0
0.0685873 0 25.211 520.072 7376.21 0
0.0688183 0 25.3313 521.772 7341.69 0
0.0690492 0 25.4519 523.463 7307.09 0
0.0692801 0 25.573 525.147 7272.41 0
0.0695111 0 25.6945 526.822 7237.64 0
0.069742 0 25.8163 528.49 7202.78 0
0.0699729 0 25.9386 530.149 7167.85 0
0.0702039 0 26.0612 531.8 7132.84 0
0.0704348 0 26.1842 533.443 7097.76 0
0.0706657 0 26.3076 535.078 7062.6 0
0.0708967 0 26.4313 536.705 7027.36 0
0.0711276 0 26.5555 538.324 6992.06 0
0.0713585 0 26.68 539.935 6956.69 0
0.0715895 0 26.8048 541.537 6921.25 0
0.0718204 0 26.9301 543.131 6885.75 0
0.0720513 0 27.0557 544.717 6850.19 0
0.0722823 0 27.1817 546.295 6814.56 0
0.0725132 0 27.308 547.865 6778.87 0
0.0727441 0 27.4347 549.426 6743.13 0
0.0729751 0 27.5618 550.979 6707.33 0
0.073206 0 27.6892 552.524 6671.48 0
0.0734369 0 27.817 554.061 6635.57 0
0.0736679 0 27.9451 555.589 6599.61 0
0.0738988 0 28.0736 557.109 6563.6 0
0.0741297 0 28.2024 558.62 6527.54 0
0.0743607 0 28.3316 560.124 6491.43 0
0.0745916 0 28.4611 561.619 6455.28 0
0.0748225 0 28.591 563.105 6419.09 0
0.0750535 0 28.7212 564.583 6382.85 0
0.0752844 0 28.8517 566.053 6346.57 0
0.0755153 0 28.9826 567.515 6310.26 0
0.0757463 0 29.1139 568.968 6273.9 0
0.0759772 0 29.2454 570.412 6237.51 0
0.0762081 0 29.3773 571.849 6201.08 0
0.0764391 0 29.5095 573.276 6164.61 0
0.07667 0 29.6421 574.696 6128.12 0
0.0769009 0 29.775 576.107 6091.59 0
0.0771319 0 29.9082 577.509 6055.03 0
0.0773628 0 30.0417 578.903 6018.44 0
0.0775937 0 30.1755 580.289 5981.82 0
0.0778247 0 30.3097 581.666 5945.18 0
0.0780556 0 30.4442 583.035 5908.51 0
0.0782865 0 30.579 584.395 5871.81 0
0.0785175 0 30.7141 585.747 5835.09 0
0.0787484 0 30.8495 587.09 5798.35 0
0.0789793 0 30.9853 588.425 5761.59 0
0.0792103 0 31.1213 589.751 5724.8 0
0.0794412 0 31.2577 591.069 5688 0
0.0796721 0 31.3943 592.378 5651.17 0
0.0799031 0 31.5313 593.679 5614.33 0
0.080134 0 31.6685 594.971 5577.48 0
0.0803649 0 31.8061 596.255 5540.61 0
0.0805959 0 31.9439 597.53 5503.72 0
0.0808268 0 32.082 598.797 5466.82 0
0.0810577 0 32.2205 600.055 5429.9 0
0.0812887 0 32.3592 601.305 5392.98 0
0.0815196 0 32.4982 602.546 5356.04 0
0.0817505 0 32.6375 603.779 5319.09 0
0.0819815 0 32.777 605.003 5282.14 0
0.0822124 0 32.9169 606.219 5245.17 0
0.0824434 0 33.057 607.426 5208.2 0
0.0826743 0 33.1975 608.624 5171.22 0
0.0829052 0 33.3381 609.814 5134.23 0
0.0831362 0 33.4791 610.995 5097.23 0
0.0833671 0 33.6203 612.168 5060.24 0
0.083598 0 33.7618 613.333 5023.23 0
0.083829 0 33.9036 614.488 4986.23 0
0.0840599 0 34.0457 615.636 4949.22 0
0.0842908 0 34.188 616.774 4912.21 0
0.0845218 0 34.3305 617.904 4875.19 0
0.0847527 0 34.4733 619.026 4838.18 0
0.0849836 0 34.6164 620.139 4801.16 0
0.0852146 0 34.7598 621.243 4764.15 0
0.0854455 0 34.9034 622.339 4727.13 0
0.0856764 0 35.0472 623.427 4690.12 0
0.0859074 0 35.1913 624.506 4653.11 0
0.0861383 0 35.3356 625.576 4616.1 0
0.0863692 0 35.4802 626.638 4579.1 0
0.0866002 0 35.6251 627.691 4542.09 0
0.0868311 0 35.7701 628.735 4505.09 0
0.087062 0 35.9155 629.771 4468.1 0
0.087293 0 36.061 630.799 4431.11 0
0.0875239 0 36.2068 631.818 4394.13 0
0.0877548 0 36.3528 632.829 4357.15 0
0.0879858 0 36.4991 633.83 4320.17 0
0.0882167 0 36.6456 634.824 4283.21 0
0.0884476 0 36.7923 635.809 4246.25 0
0.0886786 0 36.9392 636.785 4209.3 0
0.0889095 0 37.0864 637.753 4172.35 0
0.0891404 0 37.2338 638.712 4135.42 0
0.0893714 0 37.3814 639.663 4098.49 0
0.0896023 0 37.5292 640.605 4061.57 0
0.0898332 0 37.6773 641.539 4024.66 0
0.0900642 0 37.8255 642.464 3987.76 0
0.0902951 0 37.974 643.381 3950.86 0
0.090526 0 38.1227 644.289 3913.98 0
0.090757 0 38.2716 645.188 3877.11 0
0.0909879 0 38.4207 646.079 3840.25 0
0.0912188 0 38.57 646.962 3803.4 0
0.0914498 0 38.7195 647.836 3766.56 0
0.0916807 0 38.8692 648.702 3729.73 0
0.0919116 0 39.0191 649.559 3692.91 0
0.0921426 0 39.1692 650.407 3656.11 0
0.0923735 0 39.3195 651.247 3619.32 0
0.0926044 0 39.47 652.079 3582.53 0
0.0928354 0 39.6207 652.902 3545.76 0
0.0930663 0 39.7716 653.717 3509.01 0
0.0932972 0 39.9226 654.523 3472.26 0
0.0935282 0 40.0739 655.32 3435.53 0
0.0937591 0 40.2253 656.11 3398.81 0
0.09399 0 40.3769 656.89 3362.1 0
0.094221 0 40.5287 657.662 3325.41 0
0.0944519 0 40.6806 658.426 3288.73 0
0.0946828 0 40.8328 659.181 3252.06 0
0.0949138 0 40.9851 659.928 3215.41 0
0.0951447 0 41.1376 660.666 3178.77 0
0.0953756 0 41.2902 661.396 3142.14 0
0.0956066 0 41.4431 662.118 3105.53 0
0.0958375 0 41.596 662.831 3068.93 0
0.0960684 0 41.7492 663.535 3032.34 0
0.0962994 0 41.9025 664.231 2995.77 0
0.0965303 0 42.056 664.919 2959.21 0
0.0967612 0 42.2096 665.598 2922.67 0
0.0969922 0 42.3634 666.269 2886.14 0
0.0972231 0 42.5173 666.931 2849.62 0
0.097454 0 42.6714 667.585 2813.12 0
0.097685 0 42.8257 668.23 2776.63 0
0.0979159 0 42.9801 668.867 2740.15 0
0.0981468 0 43.1346 669.496 2703.69 0
0.0983778 0 43.2893 670.116 2667.25 0
0.0986087 0 43.4441 670.728 2630.81 0
0.0988396 0 43.5991 671.331 2594.39 0
0.0990706 0 43.7542 671.926 2557.99 0
0.0993015 0 43.9094 672.513 2521.59 0
0.0995324 0 44.0648 673.091 2485.22 0
0.0997634 0 44.2203 673.66 2448.85 0
0.0999943 0 44.3759 674.222 2412.5 0
0.100225 0 44.5317 674.775 2376.16 0
0.100456 0 44.6876 675.319 2339.84 0
0.100687 0 44.8436 675.855 2303.52 0
0.100918 0 44.9997 676.383 2267.23 0
0.101149 0 45.156 676.903 2230.94 0
0.10138 0 45.3124 677.414 2194.67 0
0.101611 0 45.4689 677.916 2158.41 0
0.101842 0 45.6255 678.41 2122.16 0
0.102073 0 45.7822 678.896 2085.93 0
0.102304 0 45.939 679.374 2049.71 0
0.102535 0 46.096 679.843 2013.5 0
0.102766 0 46.253 680.304 1977.3 0
0.102996 0 46.4102 680.756 1941.12 0
0.103227 0 46.5675 681.2 1904.94 0
0.103458 0 46.7248 681.636 1868.78 0
0.103689 0 46.8823 682.063 1832.64 0
0.10392 0 47.0398 682.483 1796.5 0
0.104151 0 47.1975 682.893 1760.37 0
0.104382 0 47.3552 683.296 1724.26 0
0.104613 0 47.5131 683.69 1688.15 0
0.104844 0 47.671 684.075 1652.06 0
0.105075 0 47.829 684.453 1615.98 0
0.105306 0 47.9871 684.822 1579.91 0
0.105537 0 48.1453 685.182 1543.85 0
0.105768 0 48.3036 685.535 1507.8 0
0.105999 0 48.462 685.879 1471.76 0
0.10623 0 48.6204 686.214 1435.73 0
0.10646 0 48.7789 686.542 1399.7 0
0.106691 0 48.9375 686.861 1363.69 0
0.106922 0 49.0961 687.172 1327.69 0
0.107153 0 49.2549 687.474 1291.7 0
0.107384 0 49.4137 687.768 1255.71 0
0.107615 0 49.5725 688.054 1219.73 0
0.107846 0 49.7314 688.332 1183.77 0
0.108077 0 49.8904 688.601 1147.81 0
0.108308 0 50.0495 688.862 1111.86 0
0.108539 0 50.2086 689.114 1075.91 0
0.10877 0 50.3678 689.359 1039.98 0
0.109001 0 50.527 689.595 1004.05 0
0.109232 0 50.6863 689.822 968.124 0
0.109463 0 50.8456 690.042 932.209 0
0.109694 0 51.005 690.253 896.3 0
0.109924 0 51.1644 690.456 860.398 0
0.110155 0 51.3239 690.65 824.501 0
0.110386 0 51.4834 690.837 788.611 0
0.110617 0 51.6429 691.015 752.726 0
0.110848 0 51.8025 691.184 716.847 0
0.111079 0 51.9622 691.346 680.972 0
0.11131 0 52.1219 691.499 645.103 0
0.111541 0 52.2816 691.644 609.238 0
0.111772 0 52.4413 691.78 573.378 0
0.112003 0 52.6011 691.909 537.522 0
0.112234 0 52.7609 692.029 501.669 0
0.112465 0 52.9207 692.14 465.82 0
0.112696 0 53.0806 692.244 429.975 0
0.112927 0 53.2404 692.339 394.133 0
0.113158 0 53.4003 692.426 358.293 0
0.113388 0 53.5602 692.504 322.457 0
0.113619 0 53.7202 692.575 286.622 0
0.11385 0 53.8801 692.637 250.79 0
0.114081 0 54.0401 692.69 214.959 0
0.114312 0 54.2 692.736 179.13 0
0.114543 0 54.36 692.773 143.303 0
0.114774 0 54.52 692.802 107.476 0
0.115005 0 54.68 692.823 71.6503 0
0.115236 0 54.84 692.835 35.825 0
0.115467 0 55 692.839 6.98237e-013 0
0.115698 0 55.16 692.835 -35.825 0
0.115929 0 55.32 692.823 -71.6503 0
0.11616 0 55.48 692.802 -107.476 0
0.116391 0 55.64 692.773 -143.303 0
0.116622 0 55.8 692.736 -179.13 0
0.116852 0 55.9599 692.69 -214.959 0
0.117083 0 56.1199 692.637 -250.79 0
0.117314 0 56.2798 692.575 -286.622 0
0.117545 0 56.4398 692.504 -322.457 0
0.117776 0 56.5997 692.426 -358.293 0
0.118007 0 56.7596 692.339 -394.133 0
0.118238 0 56.9194 692.244 -429.975 0
0.118469 0 57.0793 692.14 -465.82 0
0.1187 0 57.2391 692.029 -501.669 0
0.118931 0 57.3989 691.909 -537.522 0
0.119162 0 57.5587 691.78 -573.378 0
0.119393 0 57.7184 691.644 -609.238 0
0.119624 0 57.8781 691.499 -645.103 0
0.119855 0 58.0378 691.346 -680.972 0
0.120086 0 58.1975 691.184 -716.847 0
0.120316 0 58.3571 691.015 -752.726 0
0.120547 0 58.5166 690.837 -788.611 0
0.120778 0 58.6761 690.65 -824.501 0
0.121009 0 58.8356 690.456 -860.398 0
0.12124 0 58.995 690.253 -896.3 0
0.121471 0 59.1544 690.042 -932.209 0
0.121702 0 59.3137 689.822 -968.124 0
0.121933 0 59.473 689.595 -1004.05 0
0.122164 0 59.6322 689.359 -1039.98 0
0.122395 0 59.7914 689.114 -1075.91 0
0.122626 0 59.9505 688.862 -1111.86 0
0.122857 0 60.1096 688.601 -1147.81 0
0.123088 0 60.2686 688.332 -1183.77 0
0.123319 0 60.4275 688.054 -1219.73 0
0.12355 0 60.5863 687.768 -1255.71 0
0.12378 0 60.7451 687.474 -1291.7 0
0.124011 0 60.9039 687.172 -1327.69 0
0.124242 0 61.0625 686.861 -1363.69 0
0.124473 0 61.2211 686.542 -1399.7 0
0.124704 0 61.3796 686.214 -1435.73 0
0.124935 0 61.538 685.879 -1471.76 0
0.125166 0 61.6964 685.535 -1507.8 0
0.125397 0 61.8547 685.182 -1543.85 0
0.125628 0 62.0129 684.822 -1579.91 0
0.125859 0 62.171 684.453 -1615.98 0
0.12609 0 62.329 684.075 -1652.06 0
0.126321 0 62.4869 683.69 -1688.15 0
0.126552 0 62.6448 683.296 -1724.26 0
0.126783 0 62.8025 682.893 -1760.37 0
0.127014 0 62.9602 682.483 -1796.5 0
0.127244 0 63.1177 682.063 -1832.64 0
0.127475 0 63.2752 681.636 -1868.78 0
0.127706 0 63.4325 681.2 -1904.94 0
0.127937 0 63.5898 680.756 -1941.12 0
0.128168 0 63.747 680.304 -1977.3 0
0.128399 0 63.904 679.843 -2013.5 0
0.12863 0 64.061 679.374 -2049.71 0
0.128861 0 64.2178 678.896 -2085.93 0
0.129092 0 64.3745 678.41 -2122.16 0
0.129323 0 64.5311 677.916 -2158.41 0
0.129554 0 64.6876 677.414 -2194.67 0
0.129785 0 64.844 676.903 -2230.94 0
0.130016 0 65.0003 676.383 -2267.23 0
0.130247 0 65.1564 675.855 -2303.52 0
0.130478 0 65.3124 675.319 -2339.84 0
0.130709 0 65.4683 674.775 -2376.16 0
0.130939 0 65.6241 674.222 -2412.5 0
0.13117 0 65.7797 673.66 -2448.85 0
0.131401 0 65.9352 673.091 -2485.22 0
0.131632 0 66.0906 672.513 -2521.59 0
0.131863 0 66.2458 671.926 -2557.99 0
0.132094 0 66.4009 671.331 -2594.39 0
0.132325 0 66.5559 670.728 -2630.81 0
0.132556 0 66.7107 670.116 -2667.25 0
0.132787 0 66.8654 669.496 -2703.69 0
0.133018 0 67.0199 668.867 -2740.15 0
0.133249 0 67.1743 668.23 -2776.63 0
0.13348 0 67.3286 667.585 -2813.12 0
0.133711 0 67.4827 666.931 -2849.62 0
0.133942 0 67.6366 666.269 -2886.14 0
0.134173 0 67.7904 665.598 -2922.67 0
0.134403 0 67.944 664.919 -2959.21 0
0.134634 0 68.0975 664.231 -2995.77 0
0.134865 0 68.2508 663.535 -3032.34 0
0.135096 0 68.404 662.831 -3068.93 0
0.135327 0 68.5569 662.118 -3105.53 0
0.135558 0 68.7098 661.396 -3142.14 0
0.135789 0 68.8624 660.666 -3178.77 0
0.13602 0 69.0149 659.928 -3215.41 0
0.136251 0 69.1672 659.181 -3252.06 0
0.136482 0 69.3194 658.426 -3288.73 0
0.136713 0 69.4713 657.662 -3325.41 0
0.136944 0 69.6231 656.89 -3362.1 0
0.137175 0 69.7747 656.11 -3398.81 0
0.137406 0 69.9261 655.32 -3435.53 0
0.137637 0 70.0774 654.523 -3472.26 0
0.137867 0 70.2284 653.717 -3509.01 0
0.138098 0 70.3793 652.902 -3545.76 0
0.138329 0 70.53 652.079 -3582.53 0
0.13856 0 70.6805 651.247 -3619.32 0
0.138791 0 70.8308 650.407 -3656.11 0
0.139022 0 70.9809 649.559 -3692.91 0
0.139253 0 71.1308 648.702 -3729.73 0
0.139484 0 71.2805 647.836 -3766.56 0
0.139715 0 71.43 646.962 -3803.4 0
0.139946 0 71.5793 646.079 -3840.25 0
0.140177 0 71.7284 645.188 -3877.11 0
0.140408 0 71.8773 644.289 -3913.98 0
0.140639 0 72.026 643.381 -3950.86 0
0.14087 0 72.1745 642.464 -3987.76 0
0.141101 0 72.3227 641.539 -4024.66 0
0.141331 0 72.4708 640.605 -4061.57 0
0.141562 0 72.6186 639.663 -4098.49 0
0.141793 0 72.7662 638.712 -4135.42 0
0.142024 0 72.9136 637.753 -4172.35 0
0.142255 0 73.0608 636.785 -4209.3 0
0.142486 0 73.2077 635.809 -4246.25 0
0.142717 0 73.3544 634.824 -4283.21 0
0.142948 0 73.5009 633.83 -4320.17 0
0.143179 0 73.6472 632.829 -4357.15 0
0.14341 0 73.7932 631.818 -4394.13 0
0.143641 0 73.939 630.799 -4431.11 0
0.143872 0 74.0845 629.771 -4468.1 0
0.144103 0 74.2299 628.735 -4505.09 0
0.144334 0 74.3749 627.691 -4542.09 0
0.144565 0 74.5198 626.638 -4579.1 0
0.144795 0 74.6644 625.576 -4616.1 0
0.145026 0 74.8087 624.506 -4653.11 0
0.145257 0 74.9528 623.427 -4690.12 0
0.145488 0 75.0966 622.339 -4727.13 0
0.145719 0 75.2402 621.243 -4764.15 0
0.14595 0 75.3836 620.139 -4801.16 0
0.146181 0 75.5267 619.026 -4838.18 0
0.146412 0 75.6695 617.904 -4875.19 0
0.146643 0 75.812 616.774 -4912.21 0
0.146874 0 75.9543 615.636 -4949.22 0
0.147105 0 76.0964 614.488 -4986.23 0
0.147336 0 76.2382 613.333 -5023.23 0
0.147567 0 76.3797 612.168 -5060.24 0
0.147798 0 76.5209 610.995 -5097.23 0
0.148029 0 76.6619 609.814 -5134.23 0
0.148259 0 76.8025 608.624 -5171.22 0
0.14849 0 76.943 607.426 -5208.2 0
0.148721 0 77.0831 606.219 -5245.17 0
0.148952 0 77.223 605.003 -5282.14 0
0.149183 0 77.3625 603.779 -5319.09 0
0.149414 0 77.5018 602.546 -5356.04 0
0.149645 0 77.6408 601.305 -5392.98 0
0.149876 0 77.7795 600.055 -5429.9 0
0.150107 0 77.918 598.797 -5466.82 0
0.150338 0 78.0561 597.53 -5503.72 0
0.150569 0 78.1939 596.255 -5540.61 0
0.1508 0 78.3315 594.971 -5577.48 0
0.151031 0 78.4687 593.679 -5614.33 0
0.151262 0 78.6057 592.378 -5651.17 0
0.151493 0 78.7423 591.069 -5688 0
0.151723 0 78.8787 589.751 -5724.8 0
0.151954 0 79.0147 588.425 -5761.59 0
0.152185 0 79.1505 587.09 -5798.35 0
0.152416 0 79.2859 585.747 -5835.09 0
0.152647 0 79.421 584.395 -5871.81 0
0.152878 0 79.5558 583.035 -5908.51 0
0.153109 0 79.6903 581.666 -5945.18 0
0.15334 0 79.8245 580.289 -5981.82 0
0.153571 0 79.9583 578.903 -6018.44 0
0.153802 0 80.0918 577.509 -6055.03 0
0.154033 0 80.225 576.107 -6091.59 0
0.154264 0 80.3579 574.696 -6128.12 0
0.154495 0 80.4905 573.276 -6164.61 0
0.154726 0 80.6227 571.849 -6201.08 0
0.154957 0 80.7546 570.412 -6237.51 0
0.155187 0 80.8861 568.968 -6273.9 0
0.155418 0 81.0174 567.515 -6310.26 0
0.155649 0 81.1483 566.053 -6346.57 0
0.15588 0 81.2788 564.583 -6382.85 0
0.156111 0 81.409 563.105 -6419.09 0
0.156342 0 81.5389 561.619 -6455.28 0
0.156573 0 81.6684 560.124 -6491.43 0
0.156804 0 81.7976 558.62 -6527.54 0
0.157035 0 81.9264 557.109 -6563.6 0
0.157266 0 82.0549 555.589 -6599.61 0
0.157497 0 82.183 554.061 -6635.57 0
0.157728 0 82.3108 552.524 -6671.48 0
0.157959 0 82.4382 550.979 -6707.33 0
0.15819 0 82.5653 549.426 -6743.13 0
0.158421 0 82.692 547.865 -6778.87 0
0.158651 0 82.8183 546.295 -6814.56 0
0.158882 0 82.9443 544.717 -6850.19 0
0.159113 0 83.0699 543.131 -6885.75 0
0.159344 0 83.1952 541.537 -6921.25 0
0.159575 0 83.32 539.935 -6956.69 0
0.159806 0 83.4445 538.324 -6992.06 0
0.160037 0 83.5687 536.705 -7027.36 0
0.160268 0 83.6924 535.078 -7062.6 0
0.160499 0 83.8158 533.443 -7097.76 0
0.16073 0 83.9388 531.8 -7132.84 0
0.160961 0 84.0614 530.149 -7167.85 0
0.161192 0 84.1837 528.49 -7202.78 0
0.161423 0 84.3055 526.822 -7237.64 0
0.161654 0 84.427 525.147 -7272.41 0
0.161885 0 84.5481 523.463 -7307.09 0
0.162115 0 84.6687 521.772 -7341.69 0
0.162346 0 84.789 520.072 -7376.21 0
0.162577 0 84.909 518.365 -7410.63 0
0.162808 0 85.0285 516.65 -7444.96 0
0.163039 0 85.1476 514.926 -7479.2 0
0.16327 0 85.2663 513.195 -7513.34 0
0.163501 0 85.3846 511.456 -7547.38 0
0.163732 0 85.5025 509.709 -7581.32 0
0.163963 0 85.62 507.955 -7615.16 0
0.164194 0 85.7371 506.192 -7648.89 0
0.164425 0 85.8538 504.422 -7682.51 0
0.164656 0 85.9701 502.644 -7716.02 0
0.164887 0 86.086 500.858 -7749.42 0
0.165118 0 86.2014 499.065 -7782.71 0
0.165349 0 86.3165 497.264 -7815.88 0
0.16558 0 86.4311 495.455 -7848.93 0
0.16581 0 86.5453 493.639 -7881.85 0
0.166041 0 86.6591 491.815 -7914.65 0
0.166272 0 86.7725 489.983 -7947.33 0
0.166503 0 86.8854 488.144 -7979.87 0
0.166734 0 86.9979 486.297 -8012.28 0
0.166965 0 87.11 484.443 -8044.55 0
0.167196 0 87.2217 482.582 -8076.69 0
0.167427 0 87.3329 480.713 -8108.69 0
0.167658 0 87.4437 478.837 -8140.54 0
0.167889 0 87.554 476.953 -8172.24 0
0.16812 0 87.664 475.062 -8203.8 0
0.168351 0 87.7735 473.164 -8235.21 0
0.168582 0 87.8825 471.259 -8266.45 0
0.168813 0 87.9911 469.346 -8297.55 0
0.169044 0 88.0993 467.426 -8328.48 0
0.169274 0 88.207 465.499 -8359.24 0
0.169505 0 88.3143 463.565 -8389.84 0
0.169736 0 88.4211 461.624 -8420.27 0
0.169967 0 88.5275 459.676 -8450.53 0
0.170198 0 88.6334 457.721 -8480.61 0
0.170429 0 88.7389 455.76 -8510.52 0
0.17066 0 88.8439 453.791 -8540.24 0
0.170891 0 88.9485 451.815 -8569.77 0
0.171122 0 89.0526 449.833 -8599.12 0
0.171353 0 89.1563 447.843 -8628.27 0
0.171584 0 89.2594 445.848 -8657.23 0
0.171815 0 89.3622 443.845 -8685.99 0
0.172046 0 89.4644 441.836 -8714.55 0
0.172277 0 89.5662 439.82 -8742.91 0
0.172508 0 89.6676 437.798 -8771.05 0
0.172738 0 89.7685 435.769 -8798.98 0
0.172969 0 89.8689 433.734 -8826.7 0
0.1732 0 89.9688 431.692 -8854.2 0
0.173431 0 90.0682 429.644 -8881.48 0
0.173662 0 90.1672 427.59 -8908.53 0
0.173893 0 90.2657 425.53 -8935.35 0
0.174124 0 90.3638 423.463 -8961.94 0
0.174355 0 90.4613 421.391 -8988.29 0
0.174586 0 90.5584 419.312 -9014.4 0
0.174817 0 90.655 417.227 -9040.26 0
0.175048 0 90.7511 415.136 -9065.88 0
0.175279 0 90.8467 413.04 -9091.25 0
0.17551 0 90.9419 410.938 -9116.36 0
0.175741 0 91.0365 408.829 -9141.21 0
0.175972 0 91.1307 406.716 -9165.8 0
0.176202 0 91.2244 404.596 -9190.12 0
0.176433 0 91.3175 402.471 -9214.17 0
0.176664 0 91.4102 400.34 -9237.95 0
0.176895 0 91.5025 398.204 -9261.44 0
0.177126 0 91.5942 396.063 -9284.66 0
0.177357 0 91.6854 393.916 -9307.58 0
0.177588 0 91.7761 391.764 -9330.22 0
0.177819 0 91.8663 389.607 -9352.56 0
0.17805 0 91.956 387.444 -9374.6 0
0.178281 0 92.0453 385.277 -9396.34 0
0.178512 0 92.134 383.104 -9417.77 0
0.178743 0 92.2222 380.927 -9438.89 0
0.178974 0 92.3099 378.745 -9459.69 0
0.179205 0 92.3971 376.558 -9480.18 0
0.179436 0 92.4838 374.366 -9500.34 0
0.179666 0 92.57 372.17 -9520.17 0
0.179897 0 92.6557 369.969 -9539.67 0
0.180128 0 92.7409 367.764 -9558.83 0
0.180359 0 92.8256 365.555 -9577.65 0
0.18059 0 92.9098 363.341 -9596.12 0
0.180821 0 92.9934 361.122 -9614.25 0
0.181052 0 93.0766 358.9 -9632.02 0
0.181283 0 93.1592 356.674 -9649.43 0
0.181514 0 93.2413 354.443 -9666.48 0
0.181745 0 93.3229 352.209 -9683.16 0
0.181976 0 93.404 349.971 -9699.46 0
0.182207 0 93.4845 347.729 -9715.39 0
0.182438 0 93.5646 345.484 -9730.94 0
0.182669 0 93.6441 343.235 -9746.11 0
0.1829 0 93.7231 340.982 -9760.88 0
0.18313 0 93.8016 338.727 -9775.26 0
0.183361 0 93.8795 336.468 -9789.24 0
0.183592 0 93.957 334.205 -9802.81 0
0.183823 0 94.0339 331.94 -9815.98 0
0.184054 0 94.1103 329.672 -9828.73 0
0.184285 0 94.1862 327.401 -9841.07 0
0.184516 0 94.2615 325.127 -9852.98 0
0.184747 0 94.3363 322.85 -9864.47 0
0.184978 0 94.4106 320.57 -9875.52 0
0.185209 0 94.4844 318.289 -9886.14 0
0.18544 0 94.5576 316.004 -9896.31 0
0.185671 0 94.6303 313.718 -9906.04 0
0.185902 0 94.7025 311.429 -9915.32 0
0.186133 0 94.7742 309.138 -9924.15 0
0.186364 0 94.8453 306.846 -9932.51 0
0.186594 0 94.9159 304.551 -9940.41 0
0.186825 0 94.986 302.254 -9947.85 0
0.187056 0 95.0555 299.956 -9954.8 0
0.187287 0 95.1245 297.657 -9961.28 0
0.187518 0 95.193 295.356 -9967.28 0
0.187749 0 95.2609 293.053 -9972.78 0
0.18798 0 95.3283 290.75 -9977.8 0
0.188211 0 95.3952 288.445 -9982.32 0
0.188442 0 95.4616 286.139 -9986.33 0
0.188673 0 95.5274 283.832 -9989.84 0
0.188904 0 95.5927 281.525 -9992.84 0
0.189135 0 95.6574 279.217 -9995.32 0
0.189366 0 95.7216 276.909 -9997.28 0
0.189597 0 95.7853 274.6 -9998.71 0
0.189828 0 95.8484 272.291 -9999.62 0
0.190058 0 95.9111 269.981 -9999.99 0
0.190289 0 95.9731 267.672 -9999.82 0
0.19052 0 96.0347 265.363 -9999.11 0
0.190751 0 96.0957 263.054 -9997.85 0
0.190982 0 96.1562 260.745 -9996.04 0
0.191213 0 96.2161 258.437 -9993.66 0
0.191444 0 96.2755 256.129 -9990.73 0
0.191675 0 96.3344 253.823 -9987.23 0
0.191906 0 96.3928 251.517 -9983.16 0
0.192137 0 96.4506 249.212 -9978.52 0
0.192368 0 96.5079 246.908 -9973.29 0
0.192599 0 96.5646 244.605 -9967.48 0
0.19283 0 96.6209 242.304 -9961.08 0
0.193061 0 96.6765 240.005 -9954.09 0
0.193292 0 96.7317 237.707 -9946.51 0
0.193522 0 96.7863 235.411 -9938.32 0
0.193753 0 96.8404 233.117 -9929.52 0
0.193984 0 96.894 230.825 -9920.12 0
0.194215 0 96.947 228.535 -9910.1 0
0.194446 0 96.9996 226.248 -9899.46 0
0.194677 0 97.0515 223.963 -9888.21 0
0.194908 0 97.103 221.681 -9876.32 0
0.195139 0 97.1539 219.401 -9863.81 0
0.19537 0 97.2043 217.125 -9850.66 0
0.195601 0 97.2542 214.852 -9836.87 0
0.195832 0 97.3036 212.582 -9822.44 0
0.196063 0 97.3524 210.315 -9807.37 0
0.196294 0 97.4007 208.052 -9791.64 0
0.196525 0 97.4485 205.793 -9775.26 0
0.196756 0 97.4958 203.537 -9758.23 0
0.196986 0 97.5425 201.286 -9740.53 0
0.197217 0 97.5887 199.038 -9722.18 0
0.197448 0 97.6344 196.795 -9703.15 0
0.197679 0 97.6796 194.557 -9683.45 0
0.19791 0 97.7243 192.323 -9663.08 0
0.198141 0 97.7684 190.094 -9642.03 0
0.198372 0 97.8121 187.87 -9620.3 0
0.198603 0 97.8552 185.651 -9597.89 0
0.198834 0 97.8978 183.437 -9574.79 0
0.199065 0 97.9399 181.228 -9551 0
0.199296 0 97.9815 179.026 -9526.52 0
0.199527 0 98.0226 176.828 -9501.34 0
0.199758 0 98.0632 174.637 -9475.46 0
0.199989 0 98.1033 172.452 -9448.88 0
0.20022 0 98.1429 170.273 -9421.6 0
0.200451 0 98.1819 168.101 -9393.61 0
0.200681 0 98.2205 165.935 -9364.91 0
0.200912 0 98.2586 163.775 -9335.5 0
0.201143 0 98.2961 161.623 -9305.38 0
0.201374 0 98.3332 159.478 -9274.54 0
0.201605 0 98.3698 157.339 -9242.99 0
0.201836 0 98.4059 155.209 -9210.71 0
0.202067 0 98.4415 153.085 -9177.71 0
0.202298 0 98.4766 150.97 -9143.99 0
0.202529 0 98.5112 148.862 -9109.54 0
0.20276 0 98.5454 146.762 -9074.36 0
0.202991 0 98.579 144.671 -9038.46 0
0.203222 0 98.6122 142.588 -9001.82 0
0.203453 0 98.6449 140.513 -8964.45 0
0.203684 0 98.6771 138.448 -8926.35 0
0.203915 0 98.7088 136.391 -8887.52 0
0.204145 0 98.7401 134.343 -8847.95 0
0.204376 0 98.7709 132.304 -8807.65 0
0.204607 0 98.8012 130.275 -8766.6 0
0.204838 0 98.831 128.255 -8724.82 0
0.205069 0 98.8604 126.245 -8682.3 0
0.2053 0 98.8893 124.245 -8639.05 0
0.205531 0 98.9178 122.255 -8595.05 0
0.205762 0 98.9458 120.275 -8550.31 0
0.205993 0 98.9733 118.306 -8504.84 0
0.206224 0 99.0004 116.347 -8458.62 0
0.206455 0 99.0271 114.399 -8411.67 0
0.206686 0 99.0533 112.462 -8363.97 0
0.206917 0 99.079 110.536 -8315.54 0
0.207148 0 99.1043 108.622 -8266.37 0
0.207379 0 99.1292 106.718 -8216.46 0
0.207609 0 99.1536 104.827 -8165.81 0
0.20784 0 99.1776 102.947 -8114.42 0
0.208071 0 99.2012 101.079 -8062.31 0
0.208302 0 99.2243 99.2234 -8009.45 0
0.208533 0 99.247 97.3799 -7955.86 0
0.208764 0 99.2693 95.5489 -7901.54 0
0.208995 0 99.2911 93.7305 -7846.5 0
0.209226 0 99.3126 91.9249 -7790.72 0
0.209457 0 99.3336 90.1322 -7734.21 0
0.209688 0 99.3542 88.3528 -7676.98 0
0.209919 0 99.3744 86.5866 -7619.03 0
0.21015 0 99.3942 84.8338 -7560.35 0
0.210381 0 99.4136 83.0947 -7500.96 0
0.210612 0 99.4326 81.3694 -7440.85 0
0.210843 0 99.4512 79.6581 -7380.03 0
0.211073 0 99.4694 77.9609 -7318.49 0
0.211304 0 99.4872 76.278 -7256.25 0
0.211535 0 99.5046 74.6095 -7193.3 0
0.211766 0 99.5216 72.9557 -7129.65 0
0.211997 0 99.5383 71.3166 -7065.31 0
0.212228 0 99.5546 69.6925 -7000.26 0
0.212459 0 99.5705 68.0835 -6934.53 0
0.21269 0 99.586 66.4897 -6868.11 0
0.212921 0 99.6012 64.9114 -6801 0
0.213152 0 99.616 63.3486 -6733.21 0
0.213383 0 99.6305 61.8016 -6664.75 0
0.213614 0 99.6445 60.2704 -6595.61 0
0.213845 0 99.6583 58.7553 -6525.81 0
0.214076 0 99.6717 57.2564 -6455.35 0
0.214307 0 99.6847 55.7739 -6384.23 0
0.214537 0 99.6974 54.3078 -6312.45 0
0.214768 0 99.7098 52.8584 -6240.03 0
0.214999 0 99.7219 51.4258 -6166.96 0
0.21523 0 99.7336 50.0101 -6093.25 0
0.215461 0 99.745 48.6116 -6018.92 0
0.215692 0 99.756 47.2302 -5943.95 0
0.215923 0 99.7668 45.8663 -5868.37 0
0.216154 0 99.7772 44.5199 -5792.17 0
0.216385 0 99.7873 43.1911 -5715.36 0
0.216616 0 99.7972 41.8802 -5637.95 0
0.216847 0 99.8067 40.5872 -5559.94 0
0.217078 0 99.8159 39.3123 -5481.34 0
0.217309 0 99.8248 38.0556 -5402.16 0
0.21754 0 99.8335 36.8172 -5322.4 0
0.217771 0 99.8419 35.5974 -5242.07 0
0.218001 0 99.8499 34.3961 -5161.17 0
0.218232 0 99.8577 33.2136 -5079.72 0
0.218463 0 99.8653 32.05 -4997.73 0
0.218694 0 99.8725 30.9054 -4915.18 0
0.218925 0 99.8796 29.7799 -4832.11 0
0.219156 0 99.8863 28.6736 -4748.51 0
0.219387 0 99.8928 27.5868 -4664.39 0
0.219618 0 99.899 26.5193 -4579.76 0
0.219849 0 99.905 25.4715 -4494.62 0
0.22008 0 99.9108 24.4435 -4408.99 0
0.220311 0 99.9163 23.4352 -4322.88 0
0.220542 0 99.9216 22.4469 -4236.28 0
0.220773 0 99.9267 21.4786 -4149.22 0
0.221004 0 99.9316 20.5306 -4061.7 0
0.221235 0 99.9362 19.6027 -3973.72 0
0.221465 0 99.9406 18.6953 -3885.3 0
0.221696 0 99.9448 17.8083 -3796.44 0
0.221927 0 99.9488 16.9418 -3707.16 0
0.222158 0 99.9527 16.0961 -3617.47 0
0.222389 0 99.9563 15.2711 -3527.36 0
0.22262 0 99.9597 14.4669 -3436.86 0
0.222851 0 99.963 13.6837 -3345.97 0
0.223082 0 99.966 12.9216 -3254.7 0
0.223313 0 99.9689 12.1805 -3163.06 0
0.223544 0 99.9717 11.4607 -3071.06 0
0.223775 0 99.9742 10.7621 -2978.72 0
0.224006 0 99.9766 10.0849 -2886.03 0
0.224237 0 99.9789 9.42918 -2793.02 0
0.224468 0 99.981 8.79495 -2699.68 0
0.224699 0 99.9829 8.18231 -2606.04 0
0.224929 0 99.9848 7.59133 -2512.09 0
0.22516 0 99.9865 7.02208 -2417.86 0
0.225391 0 99.988 6.47462 -2323.35 0
0.225622 0 99.9894 5.94902 -2228.58 0
0.225853 0 99.9908 5.44533 -2133.54 0
0.226084 0 99.992 4.96362 -2038.26 0
0.226315 0 99.9931 4.50394 -1942.75 0
0.226546 0 99.994 4.06635 -1847.01 0
0.226777 0 99.9949 3.65089 -1751.06 0
0.227008 0 99.9957 3.25761 -1654.9 0
0.227239 0 99.9964 2.88656 -1558.55 0
0.22747 0 99.9971 2.53778 -1462.02 0
0.227701 0 99.9976 2.21131 -1365.32 0
0.227932 0 99.9981 1.90719 -1268.47 0
0.228163 0 99.9985 1.62546 -1171.46 0
0.228393 0 99.9988 1.36614 -1074.32 0
0.228624 0 99.9991 1.12927 -977.054 0
0.228855 0 99.9994 0.91488 -879.674 0
0.229086 0 99.9996 0.722987 -782.191 0
0.229317 0 99.9997 0.553618 -684.617 0
0.229548 0 99.9998 0.406791 -586.963 0
0.229779 0 99.9999 0.282524 -489.241 0
0.23001 0 99.9999 0.180831 -391.461 0
0.230241 0 100 0.101725 -293.636 0
0.230472 0 100 0.0452131 -195.776 0
0.230703 0 100 0.0113036 -97.8938 0
0.230934 0 100 0 0 0
