0 0 10 0 0 100000
0.000306524 0.00306524 10 0.00469784 30.6524 100000
0.000613048 0.00613048 10 0.0187914 61.3048 100000
0.000919571 0.00919572 10 0.0422806 91.9571 100000
0.0012261 0.012261 10 0.0751655 122.61 100000
0.00153262 0.0153262 10.0001 0.117446 153.262 100000
0.00183914 0.0183915 10.0001 0.169122 183.914 100000
0.00214567 0.0214568 10.0002 0.230194 214.567 100000
0.00245219 0.0245221 10.0002 0.300662 245.219 100000
0.00275871 0.0275874 10.0003 0.380525 275.871 100000
0.00306524 0.0306527 10.0005 0.469784 306.524 100000
0.00337176 0.0337182 10.0006 0.568439 337.176 100000
0.00367829 0.0367836 10.0008 0.676489 367.829 100000
0.00398481 0.0398491 10.0011 0.793935 398.481 100000
0.00429133 0.0429147 10.0013 0.920777 429.133 100000
0.00459786 0.0459804 10.0016 1.05701 459.786 100000
0.00490438 0.0490462 10.002 1.20265 490.438 100000
0.0052109 0.0521121 10.0024 1.35768 521.09 100000
0.00551743 0.0551781 10.0028 1.5221 551.743 100000
0.00582395 0.0582443 10.0033 1.69592 582.395 100000
0.00613048 0.0613106 10.0038 1.87914 613.048 100000
0.006437 0.0643771 10.0044 2.07175 643.7 100000
0.00674352 0.0674438 10.0051 2.27376 674.352 100000
0.00705005 0.0705108 10.0058 2.48516 705.005 100000
0.00735657 0.0735779 10.0066 2.70596 735.657 100000
0.00766309 0.0766453 10.0075 2.93615 766.309 100000
0.00796962 0.079713 10.0084 3.17574 796.962 100000
0.00827614 0.082781 10.0094 3.42473 827.614 100000
0.00858267 0.0858493 10.0105 3.68311 858.267 100000
0.00888919 0.0889179 10.0117 3.95088 888.919 100000
0.00919571 0.0919869 10.013 4.22806 919.571 100000
0.00950224 0.0950563 10.0143 4.51463 950.224 100000
0.00980876 0.0981262 10.0157 4.81059 980.876 100000
0.0101153 0.101196 10.0172 5.11595 1011.53 100000
0.0104218 0.104267 10.0189 5.4307 1042.18 100000
0.0107283 0.107339 10.0206 5.75486 1072.83 100000
0.0110349 0.11041 10.0224 6.0884 1103.49 100000
0.0113414 0.113483 10.0243 6.43134 1134.14 100000
0.0116479 0.116556 10.0263 6.78368 1164.79 100000
0.0119544 0.119629 10.0285 7.14542 1195.44 100000
0.012261 0.122704 10.0307 7.51655 1226.1 100000
0.0125675 0.125779 10.0331 7.89707 1256.75 100000
0.012874 0.128854 10.0356 8.28699 1287.4 100000
0.0131805 0.131931 10.0382 8.68631 1318.05 100000
0.013487 0.135008 10.0409 9.09502 1348.7 100000
0.0137936 0.138087 10.0437 9.51313 1379.36 100000
0.0141001 0.141166 10.0467 9.94063 1410.01 100000
0.0144066 0.144246 10.0498 10.3775 1440.66 100000
0.0147131 0.147327 10.0531 10.8238 1471.31 100000
0.0150197 0.150409 10.0565 11.2795 1501.97 100000
0.0153262 0.153492 10.06 11.7446 1532.62 100000
0.0156327 0.156576 10.0637 12.2191 1563.27 100000
0.0159392 0.159661 10.0675 12.703 1593.92 100000
0.0162458 0.162748 10.0715 13.1962 1624.58 100000
0.0165523 0.165836 10.0756 13.6989 1655.23 100000
0.0168588 0.168925 10.0799 14.211 1685.88 100000
0.0171653 0.172015 10.0843 14.7324 1716.53 100000
0.0174719 0.175107 10.0889 15.2633 1747.19 100000
0.0177784 0.1782 10.0937 15.8035 1777.84 100000
0.0180849 0.181295 10.0986 16.3532 1808.49 100000
0.0183914 0.184391 10.1037 16.9122 1839.14 100000
0.018698 0.187489 10.109 17.4807 1869.8 100000
0.0190045 0.190588 10.1144 18.0585 1900.45 100000
0.019311 0.193689 10.12 18.6457 1931.1 100000
0.0196175 0.196792 10.1258 19.2424 1961.75 100000
0.019924 0.199897 10.1318 19.8484 1992.4 100000
0.0202306 0.203004 10.138 20.4638 2023.06 100000
0.0205371 0.206112 10.1444 21.0886 2053.71 100000
0.0208436 0.209223 10.1509 21.7228 2084.36 100000
0.0211501 0.212335 10.1577 22.3664 2115.01 100000
0.0214567 0.21545 10.1646 23.0194 2145.67 100000
0.0217632 0.218567 10.1718 23.6818 2176.32 100000
0.0220697 0.221686 10.1792 24.3536 2206.97 100000
0.0223762 0.224807 10.1867 25.0348 2237.62 100000
0.0226828 0.227931 10.1945 25.7254 2268.28 100000
0.0229893 0.231057 10.2025 26.4254 2298.93 100000
0.0232958 0.234185 10.2107 27.1347 2329.58 100000
0.0236023 0.237316 10.2191 27.8535 2360.23 100000
0.0239089 0.24045 10.2278 28.5817 2390.89 100000
0.0242154 0.243586 10.2367 29.3192 2421.54 100000
0.0245219 0.246726 10.2458 30.0662 2452.19 100000
0.0248284 0.249868 10.2551 30.8225 2482.84 100000
0.0251349 0.253013 10.2647 31.5883 2513.49 100000
0.0254415 0.25616 10.2745 32.3634 2544.15 100000
0.025748 0.259311 10.2845 33.148 2574.8 100000
0.0260545 0.262465 10.2948 33.9419 2605.45 100000
0.026361 0.265622 10.3053 34.7452 2636.1 100000
0.0266676 0.268783 10.3161 35.558 2666.76 100000
0.0269741 0.271947 10.3271 36.3801 2697.41 100000
0.0272806 0.275114 10.3384 37.2116 2728.06 100000
0.0275871 0.278285 10.3499 38.0525 2758.71 100000
0.0278937 0.281459 10.3617 38.9028 2789.37 100000
0.0282002 0.284637 10.3738 39.7625 2820.02 100000
0.0285067 0.287819 10.3861 40.6316 2850.67 100000
0.0288132 0.291004 10.3987 41.5101 2881.32 100000
0.0291198 0.294194 10.4115 42.398 2911.98 100000
0.0294263 0.297387 10.4247 43.2953 2942.63 100000
0.0297328 0.300584 10.4381 44.202 2973.28 100000
0.0300393 0.303786 10.4518 45.1181 3003.93 100000
0.0303459 0.306992 10.4657 46.0435 3034.59 100000
0.0306524 0.310202 10.48 46.9784 3065.24 100000
0.0309589 0.313417 10.4945 47.9227 3095.89 100000
0.0312654 0.316636 10.5094 48.8763 3126.54 100000
0.0315719 0.319859 10.5245 49.8394 3157.19 100000
0.0318785 0.323088 10.5399 50.8119 3187.85 100000
0.032185 0.326321 10.5557 51.7937 3218.5 100000
0.0324915 0.329559 10.5717 52.7849 3249.15 100000
0.032798 0.332802 10.588 53.7856 3279.8 100000
0.0331046 0.33605 10.6047 54.7956 3310.46 100000
0.0334111 0.339303 10.6216 55.8151 3341.11 100000
0.0337176 0.342562 10.6389 56.8439 3371.76 100000
0.0340241 0.345825 10.6565 57.8821 3402.41 100000
0.0343307 0.349094 10.6744 58.9297 3433.07 100000
0.0346372 0.352369 10.6926 59.9867 3463.72 100000
0.0349437 0.35565 10.7111 61.0531 3494.37 100000
0.0352502 0.358936 10.73 62.1289 3525.02 100000
0.0355568 0.362228 10.7492 63.2142 3555.68 100000
0.0358633 0.365526 10.7688 64.3087 3586.33 100000
0.0361698 0.368829 10.7887 65.4127 3616.98 100000
0.0364763 0.372139 10.8089 66.5261 3647.63 100000
0.0367829 0.375456 10.8294 67.6489 3678.29 100000
0.0370894 0.378778 10.8503 68.7811 3708.94 100000
0.0373959 0.382108 10.8716 69.9227 3739.59 100000
0.0377024 0.385443 10.8932 71.0736 3770.24 100000
0.0380089 0.388786 10.9152 72.234 3800.89 100000
0.0383155 0.392135 10.9375 73.4038 3831.55 100000
0.038622 0.395491 10.9602 74.5829 3862.2 100000
0.0389285 0.398854 10.9832 75.7715 3892.85 100000
0.039235 0.402224 11.0066 76.9694 3923.5 100000
0.0395416 0.405602 11.0304 78.1768 3954.16 100000
0.0398481 0.408986 11.0546 79.3935 3984.81 100000
0.0401546 0.412379 11.0791 80.6197 4015.46 100000
0.0404611 0.415778 11.104 81.8552 4046.11 100000
0.0407677 0.419186 11.1293 83.1001 4076.77 100000
0.0410742 0.422601 11.1549 84.3544 4107.42 100000
0.0413807 0.426025 11.181 85.6182 4138.07 100000
0.0416872 0.429456 11.2074 86.8913 4168.72 100000
0.0419938 0.432895 11.2342 88.1738 4199.38 100000
0.0423003 0.436343 11.2615 89.4657 4230.03 100000
0.0426068 0.439799 11.2891 90.767 4260.68 100000
0.0429133 0.443264 11.3171 92.0777 4291.33 100000
0.0432199 0.446737 11.3455 93.3978 4321.99 100000
0.0435264 0.450219 11.3744 94.7273 4352.64 100000
0.0438329 0.45371 11.4036 96.0662 4383.29 100000
0.0441394 0.45721 11.4333 97.4144 4413.94 100000
0.0444459 0.460719 11.4633 98.7721 4444.59 100000
0.0447525 0.464238 11.4938 100.139 4475.25 100000
0.045059 0.467766 11.5247 101.516 4505.9 100000
0.0453655 0.471303 11.5561 102.902 4536.55 100000
0.045672 0.47485 11.5878 104.297 4567.2 100000
0.0459786 0.478407 11.62 105.701 4597.86 100000
0.0462851 0.481974 11.6526 107.115 4628.51 100000
0.0465916 0.485551 11.6857 108.539 4659.16 100000
0.0468981 0.489138 11.7192 109.972 4689.81 100000
0.0472047 0.492735 11.7531 111.414 4720.47 100000
0.0475112 0.496343 11.7875 112.866 4751.12 100000
0.0478177 0.499961 11.8223 114.327 4781.77 100000
0.0481242 0.503591 11.8575 115.797 4812.42 100000
0.0484308 0.507231 11.8933 117.277 4843.08 100000
0.0487373 0.510882 11.9294 118.766 4873.73 100000
0.0490438 0.514544 11.9661 120.265 4904.38 100000
0.0493503 0.518218 12.0032 121.773 4935.03 100000
0.0496569 0.521903 12.0407 123.29 4965.69 100000
0.0499634 0.525599 12.0788 124.817 4996.34 100000
0.0502699 0.529308 12.1173 126.353 5026.99 100000
0.0505764 0.533028 12.1562 127.899 5057.64 100000
0.0508829 0.53676 12.1957 129.454 5088.29 100000
0.0511895 0.540504 12.2356 131.018 5118.95 100000
0.051496 0.544261 12.276 132.592 5149.6 100000
0.0518025 0.54803 12.3169 134.175 5180.25 100000
0.052109 0.551812 12.3582 135.768 5210.9 100000
0.0524156 0.555606 12.4001 137.37 5241.56 100000
0.0527221 0.559414 12.4425 138.981 5272.21 100000
0.0530286 0.563234 12.4853 140.602 5302.86 100000
0.0533351 0.567068 12.5287 142.232 5333.51 100000
0.0536417 0.570915 12.5725 143.871 5364.17 100000
0.0539482 0.574775 12.6169 145.52 5394.82 100000
0.0542547 0.57865 12.6617 147.179 5425.47 100000
0.0545612 0.582538 12.7071 148.846 5456.12 100000
0.0548678 0.58644 12.753 150.524 5486.78 100000
0.0551743 0.590356 12.7994 152.21 5517.43 100000
0.0554808 0.594286 12.8463 153.906 5548.08 100000
0.0557873 0.598231 12.8937 155.611 5578.73 100000
0.0560939 0.602191 12.9417 157.326 5609.39 100000
0.0564004 0.606165 12.9902 159.05 5640.04 100000
0.0567069 0.610155 13.0392 160.784 5670.69 100000
0.0570134 0.614159 13.0887 162.527 5701.34 100000
0.0573199 0.618179 13.1388 164.279 5731.99 100000
0.0576265 0.622214 13.1894 166.04 5762.65 100000
0.057933 0.626264 13.2406 167.812 5793.3 100000
0.0582395 0.630331 13.2923 169.592 5823.95 100000
0.058546 0.634413 13.3446 171.382 5854.6 100000
0.0588526 0.638512 13.3974 173.181 5885.26 100000
0.0591591 0.642627 13.4507 174.99 5915.91 100000
0.0594656 0.646758 13.5047 176.808 5946.56 100000
0.0597721 0.650906 13.5591 178.635 5977.21 100000
0.0600787 0.65507 13.6142 180.472 6007.87 100000
0.0603852 0.659252 13.6698 182.319 6038.52 100000
0.0606917 0.663451 13.7259 184.174 6069.17 100000
0.0609982 0.667667 13.7827 186.039 6099.82 100000
0.0613048 0.6719 13.84 187.914 6130.48 100000
0.0616113 0.676151 13.8979 189.797 6161.13 100000
0.0619178 0.68042 13.9564 191.691 6191.78 100000
0.0622243 0.684707 14.0154 193.593 6222.43 100000
0.0625308 0.689012 14.075 195.505 6253.08 100000
0.0628374 0.693336 14.1353 197.427 6283.74 100000
0.0631439 0.697678 14.1961 199.358 6314.39 100000
0.0634504 0.702039 14.2575 201.298 6345.04 100000
0.0637569 0.706419 14.3195 203.247 6375.69 100000
0.0640635 0.710817 14.3821 205.206 6406.35 100000
0.06437 0.715236 14.4453 207.175 6437 100000
0.0646765 0.719673 14.5091 209.153 6467.65 100000
0.064983 0.72413 14.5735 211.14 6498.3 100000
0.0652896 0.728607 14.6385 213.136 6528.96 100000
0.0655961 0.733105 14.7042 215.142 6559.61 100000
0.0659026 0.737622 14.7704 217.158 6590.26 100000
0.0662091 0.74216 14.8373 219.182 6620.91 100000
0.0665157 0.746718 14.9048 221.217 6651.57 100000
0.0668222 0.751297 14.9729 223.26 6682.22 100000
0.0671287 0.755897 15.0417 225.313 6712.87 100000
0.0674352 0.760518 15.111 227.376 6743.52 100000
0.0677418 0.765161 15.1811 229.447 6774.18 100000
0.0680483 0.769825 15.2517 231.528 6804.83 100000
0.0683548 0.774511 15.323 233.619 6835.48 100000
0.0686613 0.779219 15.3949 235.719 6866.13 100000
0.0689678 0.783949 15.4675 237.828 6896.78 100000
0.0692744 0.788701 15.5407 239.947 6927.44 100000
0.0695809 0.793476 15.6146 242.075 6958.09 100000
0.0698874 0.798274 15.6891 244.213 6988.74 100000
0.0701939 0.803094 15.7643 246.359 7019.39 100000
0.0705005 0.807938 15.8402 248.516 7050.05 100000
0.070807 0.812805 15.9167 250.682 7080.7 100000
0.0711135 0.817696 15.9938 252.857 7111.35 100000
0.07142 0.82261 16.0717 255.041 7142 100000
0.0717266 0.827549 16.1502 257.235 7172.66 100000
0.0720331 0.832511 16.2294 259.438 7203.31 100000
0.0723396 0.837498 16.3092 261.651 7233.96 100000
0.0726461 0.84251 16.3898 263.873 7264.61 100000
0.0729527 0.847546 16.471 266.105 7295.27 100000
0.0732592 0.852607 16.5529 268.345 7325.92 100000
0.0735657 0.857694 16.6355 270.596 7356.57 100000
0.0738722 0.862806 16.7188 272.855 7387.22 100000
0.0741788 0.867943 16.8028 275.124 7417.88 100000
0.0744853 0.873107 16.8875 277.403 7448.53 100000
0.0747918 0.878296 16.9729 279.691 7479.18 100000
0.0750983 0.883512 17.0589 281.988 7509.83 100000
0.0754048 0.888754 17.1457 284.295 7540.48 100000
0.0757114 0.894023 17.2332 286.611 7571.14 100000
0.0760179 0.899319 17.3214 288.936 7601.79 100000
0.0763244 0.904642 17.4104 291.271 7632.44 100000
0.0766309 0.909992 17.5 293.615 7663.09 -100000
0.0769375 0.91537 17.5904 295.959 7632.44 -100000
0.077244 0.920776 17.6814 298.294 7601.79 -100000
0.0775505 0.92621 17.7732 300.62 7571.14 -100000
0.077857 0.931672 17.8657 302.936 7540.48 -100000
0.0781636 0.937163 17.9589 305.242 7509.83 -100000
0.0784701 0.942682 18.0529 307.539 7479.18 -100000
0.0787766 0.94823 18.1475 309.827 7448.53 -100000
0.0790831 0.953807 18.2428 312.106 7417.88 -100000
0.0793897 0.959414 18.3388 314.375 7387.22 -100000
0.0796962 0.96505 18.4355 316.634 7356.57 -100000
0.0800027 0.970716 18.5329 318.885 7325.92 -100000
0.0803092 0.976412 18.631 321.126 7295.27 -100000
0.0806158 0.982137 18.7298 323.357 7264.61 -100000
0.0809223 0.987894 18.8292 325.579 7233.96 -100000
0.0812288 0.993681 18.9294 327.792 7203.31 -100000
0.0815353 0.999499 19.0302 329.995 7172.66 -100000
0.0818418 1.00535 19.1317 332.189 7142 -100000
0.0821484 1.01123 19.2338 334.374 7111.35 -100000
0.0824549 1.01714 19.3367 336.549 7080.7 -100000
0.0827614 1.02308 19.4402 338.714 7050.05 -100000
0.0830679 1.02906 19.5443 340.871 7019.39 -100000
0.0833745 1.03506 19.6491 343.018 6988.74 -100000
0.083681 1.0411 19.7546 345.155 6958.09 -100000
0.0839875 1.04717 19.8607 347.283 6927.44 -100000
0.084294 1.05328 19.9675 349.402 6896.78 -100000
0.0846006 1.05941 20.0749 351.511 6866.13 -100000
0.0849071 1.06558 20.183 353.611 6835.48 -100000
0.0852136 1.07179 20.2917 355.702 6804.83 -100000
0.0855201 1.07802 20.4011 357.783 6774.18 -100000
0.0858267 1.08429 20.511 359.855 6743.52 -100000
0.0861332 1.0906 20.6217 361.917 6712.87 -100000
0.0864397 1.09694 20.7329 363.97 6682.22 -100000
0.0867462 1.10331 20.8448 366.014 6651.57 -100000
0.0870528 1.10972 20.9573 368.048 6620.91 -100000
0.0873593 1.11616 21.0704 370.072 6590.26 -100000
0.0876658 1.12263 21.1842 372.088 6559.61 -100000
0.0879723 1.12914 21.2985 374.094 6528.96 -100000
0.0882788 1.13569 21.4135 376.09 6498.3 -100000
0.0885854 1.14227 21.5291 378.078 6467.65 -100000
0.0888919 1.14889 21.6453 380.055 6437 -100000
0.0891984 1.15554 21.7621 382.024 6406.35 -100000
0.0895049 1.16223 21.8795 383.983 6375.69 -100000
0.0898115 1.16895 21.9975 385.932 6345.04 -100000
0.090118 1.17572 22.1161 387.873 6314.39 -100000
0.0904245 1.18251 22.2353 389.803 6283.74 -100000
0.090731 1.18935 22.355 391.725 6253.08 -100000
0.0910376 1.19622 22.4754 393.637 6222.43 -100000
0.0913441 1.20313 22.5964 395.539 6191.78 -100000
0.0916506 1.21007 22.7179 397.433 6161.13 -100000
0.0919571 1.21705 22.84 399.316 6130.48 -100000
0.0922637 1.22407 22.9627 401.191 6099.82 -100000
0.0925702 1.23113 23.0859 403.056 6069.17 -100000
0.0928767 1.23823 23.2098 404.912 6038.52 -100000
0.0931832 1.24536 23.3342 406.758 6007.87 -100000
0.0934898 1.25253 23.4591 408.595 5977.21 -100000
0.0937963 1.25974 23.5847 410.422 5946.56 -100000
0.0941028 1.26699 23.7107 412.24 5915.91 -100000
0.0944093 1.27428 23.8374 414.049 5885.26 -100000
0.0947158 1.2816 23.9646 415.848 5854.6 -100000
0.0950224 1.28897 24.0923 417.638 5823.95 -100000
0.0953289 1.29637 24.2206 419.419 5793.3 -100000
0.0956354 1.30382 24.3494 421.19 5762.65 -100000
0.0959419 1.3113 24.4788 422.951 5731.99 -100000
0.0962485 1.31882 24.6087 424.704 5701.34 -100000
0.096555 1.32639 24.7392 426.447 5670.69 -100000
0.0968615 1.33399 24.8702 428.18 5640.04 -100000
0.097168 1.34163 25.0017 429.904 5609.39 -100000
0.0974746 1.34932 25.1337 431.619 5578.73 -100000
0.0977811 1.35704 25.2663 433.324 5548.08 -100000
0.0980876 1.36481 25.3994 435.02 5517.43 -100000
0.0983941 1.37261 25.533 436.707 5486.78 -100000
0.0987007 1.38046 25.6671 438.384 5456.12 -100000
0.0990072 1.38835 25.8017 440.051 5425.47 -100000
0.0993137 1.39628 25.9369 441.71 5394.82 -100000
0.0996202 1.40425 26.0725 443.359 5364.17 -100000
0.0999267 1.41226 26.2087 444.998 5333.51 -100000
0.100233 1.42031 26.3453 446.628 5302.86 -100000
0.10054 1.42841 26.4825 448.249 5272.21 -100000
0.100846 1.43655 26.6201 449.861 5241.56 -100000
0.101153 1.44473 26.7582 451.463 5210.9 -100000
0.101459 1.45295 26.8969 453.055 5180.25 -100000
0.101766 1.46122 27.036 454.638 5149.6 -100000
0.102072 1.46953 27.1756 456.212 5118.95 -100000
0.102379 1.47788 27.3157 457.776 5088.29 -100000
0.102685 1.48627 27.4562 459.331 5057.64 -100000
0.102992 1.49471 27.5973 460.877 5026.99 -100000
0.103299 1.50319 27.7388 462.413 4996.34 -100000
0.103605 1.51172 27.8807 463.94 4965.69 -100000
0.103912 1.52029 28.0232 465.457 4935.03 -100000
0.104218 1.5289 28.1661 466.965 4904.38 -100000
0.104525 1.53755 28.3094 468.464 4873.73 -100000
0.104831 1.54625 28.4533 469.953 4843.08 -100000
0.105138 1.555 28.5975 471.433 4812.42 -100000
0.105444 1.56378 28.7423 472.903 4781.77 -100000
0.105751 1.57262 28.8875 474.365 4751.12 -100000
0.106057 1.58149 29.0331 475.816 4720.47 -100000
0.106364 1.59041 29.1792 477.258 4689.81 -100000
0.10667 1.59938 29.3257 478.691 4659.16 -100000
0.106977 1.60839 29.4726 480.115 4628.51 -100000
0.107283 1.61745 29.62 481.529 4597.86 -100000
0.10759 1.62655 29.7678 482.933 4567.2 -100000
0.107896 1.6357 29.9161 484.329 4536.55 -100000
0.108203 1.64489 30.0647 485.714 4505.9 -100000
0.108509 1.65413 30.2138 487.091 4475.25 -100000
0.108816 1.66341 30.3633 488.458 4444.59 -100000
0.109122 1.67274 30.5133 489.816 4413.94 -100000
0.109429 1.68212 30.6636 491.164 4383.29 -100000
0.109736 1.69154 30.8144 492.503 4352.64 -100000
0.110042 1.70101 30.9655 493.832 4321.99 -100000
0.110349 1.71053 31.1171 495.152 4291.33 -100000
0.110655 1.72009 31.2691 496.463 4260.68 -100000
0.110962 1.72969 31.4215 497.764 4230.03 -100000
0.111268 1.73935 31.5742 499.056 4199.38 -100000
0.111575 1.74905 31.7274 500.339 4168.72 -100000
0.111881 1.7588 31.881 501.612 4138.07 -100000
0.112188 1.7686 32.0349 502.876 4107.42 -100000
0.112494 1.77844 32.1893 504.13 4076.77 -100000
0.112801 1.78833 32.344 505.375 4046.11 -100000
0.113107 1.79827 32.4991 506.61 4015.46 -100000
0.113414 1.80825 32.6546 507.837 3984.81 -100000
0.11372 1.81829 32.8104 509.053 3954.16 -100000
0.114027 1.82837 32.9666 510.261 3923.5 -100000
0.114333 1.8385 33.1232 511.459 3892.85 -100000
0.11464 1.84867 33.2802 512.647 3862.2 -100000
0.114946 1.8589 33.4375 513.826 3831.55 -100000
0.115253 1.86917 33.5952 514.996 3800.89 -100000
0.115559 1.87949 33.7532 516.157 3770.24 -100000
0.115866 1.88986 33.9116 517.307 3739.59 -100000
0.116173 1.90028 34.0703 518.449 3708.94 -100000
0.116479 1.91075 34.2294 519.581 3678.29 -100000
0.116786 1.92127 34.3889 520.704 3647.63 -100000
0.117092 1.93183 34.5487 521.817 3616.98 -100000
0.117399 1.94245 34.7088 522.921 3586.33 -100000
0.117705 1.95311 34.8692 524.016 3555.68 -100000
0.118012 1.96382 35.03 525.101 3525.02 -100000
0.118318 1.97459 35.1911 526.177 3494.37 -100000
0.118625 1.9854 35.3526 527.243 3463.72 -100000
0.118931 1.99626 35.5144 528.3 3433.07 -100000
0.119238 2.00717 35.6765 529.348 3402.41 -100000
0.119544 2.01813 35.8389 530.386 3371.76 -100000
0.119851 2.02914 36.0016 531.415 3341.11 -100000
0.120157 2.0402 36.1647 532.435 3310.46 -100000
0.120464 2.05131 36.328 533.445 3279.8 -100000
0.12077 2.06247 36.4917 534.445 3249.15 -100000
0.121077 2.07368 36.6557 535.436 3218.5 -100000
0.121383 2.08494 36.8199 536.418 3187.85 -100000
0.12169 2.09626 36.9845 537.391 3157.19 -100000
0.121996 2.10762 37.1494 538.354 3126.54 -100000
0.122303 2.11903 37.3145 539.307 3095.89 -100000
0.12261 2.13049 37.48 540.252 3065.24 -100000
0.122916 2.14201 37.6457 541.187 3034.59 -100000
0.123223 2.15357 37.8118 542.112 3003.93 -100000
0.123529 2.16519 37.9781 543.028 2973.28 -100000
0.123836 2.17685 38.1447 543.935 2942.63 -100000
0.124142 2.18857 38.3115 544.832 2911.98 -100000
0.124449 2.20034 38.4787 545.72 2881.32 -100000
0.124755 2.21216 38.6461 546.599 2850.67 -100000
0.125062 2.22403 38.8138 547.468 2820.02 -100000
0.125368 2.23596 38.9817 548.327 2789.37 -100000
0.125675 2.24793 39.1499 549.178 2758.71 -100000
0.125981 2.25996 39.3184 550.019 2728.06 -100000
0.126288 2.27204 39.4871 550.85 2697.41 -100000
0.126594 2.28416 39.6561 551.672 2666.76 -100000
0.126901 2.29635 39.8253 552.485 2636.1 -100000
0.127207 2.30858 39.9948 553.288 2605.45 -100000
0.127514 2.32086 40.1645 554.082 2574.8 -100000
0.12782 2.3332 40.3345 554.867 2544.15 -100000
0.128127 2.34559 40.5047 555.642 2513.49 -100000
0.128433 2.35803 40.6751 556.408 2482.84 -100000
0.12874 2.37053 40.8458 557.164 2452.19 -100000
0.129047 2.38307 41.0167 557.911 2421.54 -100000
0.129353 2.39567 41.1878 558.648 2390.89 -100000
0.12966 2.40832 41.3591 559.377 2360.23 -100000
0.129966 2.42103 41.5307 560.095 2329.58 -100000
0.130273 2.43378 41.7025 560.805 2298.93 -100000
0.130579 2.44659 41.8745 561.505 2268.28 -100000
0.130886 2.45946 42.0467 562.195 2237.62 -100000
0.131192 2.47237 42.2192 562.877 2206.97 -100000
0.131499 2.48534 42.3918 563.548 2176.32 -100000
0.131805 2.49836 42.5646 564.211 2145.67 -100000
0.132112 2.51143 42.7377 564.864 2115.01 -100000
0.132418 2.52456 42.9109 565.507 2084.36 -100000
0.132725 2.53774 43.0844 566.142 2053.71 -100000
0.133031 2.55097 43.258 566.766 2023.06 -100000
0.133338 2.56426 43.4318 567.382 1992.4 -100000
0.133644 2.5776 43.6058 567.988 1961.75 -100000
0.133951 2.59099 43.78 568.584 1931.1 -100000
0.134257 2.60444 43.9544 569.172 1900.45 -100000
0.134564 2.61794 44.129 569.749 1869.8 -100000
0.13487 2.63149 44.3037 570.318 1839.14 -100000
0.135177 2.6451 44.4786 570.877 1808.49 -100000
0.135484 2.65876 44.6537 571.427 1777.84 -100000
0.13579 2.67247 44.8289 571.967 1747.19 -100000
0.136097 2.68624 45.0043 572.498 1716.53 -100000
0.136403 2.70006 45.1799 573.019 1685.88 -100000
0.13671 2.71394 45.3556 573.531 1655.23 -100000
0.137016 2.72787 45.5315 574.034 1624.58 -100000
0.137323 2.74185 45.7075 574.527 1593.92 -100000
0.137629 2.75589 45.8837 575.011 1563.27 -100000
0.137936 2.76998 46.06 575.486 1532.62 -100000
0.138242 2.78412 46.2365 575.951 1501.97 -100000
0.138549 2.79832 46.4131 576.406 1471.31 -100000
0.138855 2.81258 46.5898 576.853 1440.66 -100000
0.139162 2.82689 46.7667 577.29 1410.01 -100000
0.139468 2.84125 46.9437 577.717 1379.36 -100000
0.139775 2.85566 47.1209 578.135 1348.7 -100000
0.140081 2.87014 47.2982 578.544 1318.05 -100000
0.140388 2.88466 47.4756 578.943 1287.4 -100000
0.140694 2.89924 47.6531 579.333 1256.75 -100000
0.141001 2.91387 47.8307 579.714 1226.1 -100000
0.141307 2.92856 48.0085 580.085 1195.44 -100000
0.141614 2.94331 48.1863 580.446 1164.79 -100000
0.141921 2.9581 48.3643 580.799 1134.14 -100000
0.142227 2.97296 48.5424 581.142 1103.49 -100000
0.142534 2.98786 48.7206 581.475 1072.83 -100000
0.14284 3.00282 48.8989 581.799 1042.18 -100000
0.143147 3.01784 49.0772 582.114 1011.53 -100000
0.143453 3.03291 49.2557 582.42 980.876 -100000
0.14376 3.04804 49.4343 582.716 950.224 -100000
0.144066 3.06322 49.613 583.002 919.571 -100000
0.144373 3.07845 49.7917 583.279 888.919 -100000
0.144679 3.09374 49.9705 583.547 858.267 -100000
0.144986 3.10908 50.1494 583.805 827.614 -100000
0.145292 3.12448 50.3284 584.054 796.962 -100000
0.145599 3.13994 50.5075 584.294 766.309 -100000
0.145905 3.15545 50.6866 584.524 735.657 -100000
0.146212 3.17101 50.8658 584.745 705.005 -100000
0.146518 3.18663 51.0451 584.956 674.352 -100000
0.146825 3.2023 51.2244 585.158 643.7 -100000
0.147131 3.21803 51.4038 585.351 613.048 -100000
0.147438 3.23382 51.5833 585.534 582.395 -100000
0.147744 3.24966 51.7628 585.708 551.743 -100000
0.148051 3.26555 51.9424 585.872 521.09 -100000
0.148358 3.2815 52.122 586.027 490.438 -100000
0.148664 3.2975 52.3016 586.173 459.786 -100000
0.148971 3.31356 52.4813 586.309 429.133 -100000
0.149277 3.32968 52.6611 586.436 398.481 -100000
0.149584 3.34585 52.8408 586.554 367.829 -100000
0.14989 3.36207 53.0206 586.662 337.176 -100000
0.150197 3.37835 53.2005 586.76 306.524 -100000
0.150503 3.39469 53.3803 586.85 275.871 -100000
0.15081 3.41108 53.5602 586.929 245.219 -100000
0.151116 3.42752 53.7402 587 214.567 -100000
0.151423 3.44402 53.9201 587.061 183.914 -100000
0.151729 3.46058 54.1001 587.113 153.262 -100000
0.152036 3.47719 54.28 587.155 122.61 -100000
0.152342 3.49385 54.46 587.188 91.9571 -100000
0.152649 3.51057 54.64 587.211 61.3048 -100000
0.152955 3.52735 54.82 587.225 30.6524 -100000
0.153262 3.54418 55 587.23 0 -100000
0.153568 3.56107 55.18 587.225 -30.6524 -100000
0.153875 3.57801 55.36 587.211 -61.3048 -100000
0.154181 3.59501 55.54 587.188 -91.9571 -100000
0.154488 3.61206 55.72 587.155 -122.61 -100000
0.154795 3.62916 55.8999 587.113 -153.262 -100000
0.155101 3.64633 56.0799 587.061 -183.914 -100000
0.155408 3.66354 56.2598 587 -214.567 -100000
0.155714 3.68082 56.4398 586.929 -245.219 -100000
0.156021 3.69814 56.6197 586.85 -275.871 -100000
0.156327 3.71553 56.7995 586.76 -306.524 -100000
0.156634 3.73297 56.9794 586.662 -337.176 -100000
0.15694 3.75046 57.1592 586.554 -367.829 -100000
0.157247 3.76801 57.3389 586.436 -398.481 -100000
0.157553 3.78561 57.5187 586.309 -429.133 -100000
0.15786 3.80327 57.6984 586.173 -459.786 -100000
0.158166 3.82098 57.878 586.027 -490.438 -100000
0.158473 3.83875 58.0576 585.872 -521.09 -100000
0.158779 3.85657 58.2372 585.708 -551.743 -100000
0.159086 3.87445 58.4167 585.534 -582.395 -100000
0.159392 3.89239 58.5962 585.351 -613.048 -100000
0.159699 3.91037 58.7756 585.158 -643.7 -100000
0.160005 3.92842 58.9549 584.956 -674.352 -100000
0.160312 3.94652 59.1342 584.745 -705.005 -100000
0.160618 3.96467 59.3134 584.524 -735.657 -100000
0.160925 3.98288 59.4925 584.294 -766.309 -100000
0.161232 4.00114 59.6716 584.054 -796.962 -100000
0.161538 4.01946 59.8506 583.805 -827.614 -100000
0.161845 4.03783 60.0295 583.547 -858.267 -100000
0.162151 4.05626 60.2083 583.279 -888.919 -100000
0.162458 4.07474 60.387 583.002 -919.571 -100000
0.162764 4.09328 60.5657 582.716 -950.224 -100000
0.163071 4.11187 60.7443 582.42 -980.876 -100000
0.163377 4.13052 60.9228 582.114 -1011.53 -100000
0.163684 4.14922 61.1011 581.799 -1042.18 -100000
0.16399 4.16798 61.2794 581.475 -1072.83 -100000
0.164297 4.18679 61.4576 581.142 -1103.49 -100000
0.164603 4.20565 61.6357 580.799 -1134.14 -100000
0.16491 4.22457 61.8137 580.446 -1164.79 -100000
0.165216 4.24355 61.9915 580.085 -1195.44 -100000
0.165523 4.26258 62.1693 579.714 -1226.1 -100000
0.165829 4.28166 62.3469 579.333 -1256.75 -100000
0.166136 4.3008 62.5244 578.943 -1287.4 -100000
0.166442 4.31999 62.7018 578.544 -1318.05 -100000
0.166749 4.33924 62.8791 578.135 -1348.7 -100000
0.167055 4.35854 63.0563 577.717 -1379.36 -100000
0.167362 4.3779 63.2333 577.29 -1410.01 -100000
0.167669 4.39731 63.4102 576.853 -1440.66 -100000
0.167975 4.41677 63.5869 576.406 -1471.31 -100000
0.168282 4.43629 63.7635 575.951 -1501.97 -100000
0.168588 4.45586 63.94 575.486 -1532.62 -100000
0.168895 4.47549 64.1163 575.011 -1563.27 -100000
0.169201 4.49517 64.2925 574.527 -1593.92 -100000
0.169508 4.5149 64.4685 574.034 -1624.58 -100000
0.169814 4.53469 64.6444 573.531 -1655.23 -100000
0.170121 4.55453 64.8201 573.019 -1685.88 -100000
0.170427 4.57443 64.9957 572.498 -1716.53 -100000
0.170734 4.59438 65.1711 571.967 -1747.19 -100000
0.17104 4.61438 65.3463 571.427 -1777.84 -100000
0.171347 4.63444 65.5214 570.877 -1808.49 -100000
0.171653 4.65455 65.6963 570.318 -1839.14 -100000
0.17196 4.67471 65.871 569.749 -1869.8 -100000
0.172266 4.69493 66.0456 569.172 -1900.45 -100000
0.172573 4.7152 66.22 568.584 -1931.1 -100000
0.172879 4.73552 66.3942 567.988 -1961.75 -100000
0.173186 4.7559 66.5682 567.382 -1992.4 -100000
0.173492 4.77633 66.742 566.766 -2023.06 -100000
0.173799 4.79682 66.9156 566.142 -2053.71 -100000
0.174106 4.81736 67.0891 565.507 -2084.36 -100000
0.174412 4.83795 67.2623 564.864 -2115.01 -100000
0.174719 4.85859 67.4354 564.211 -2145.67 -100000
0.175025 4.87929 67.6082 563.548 -2176.32 -100000
0.175332 4.90004 67.7808 562.877 -2206.97 -100000
0.175638 4.92084 67.9533 562.195 -2237.62 -100000
0.175945 4.9417 68.1255 561.505 -2268.28 -100000
0.176251 4.96261 68.2975 560.805 -2298.93 -100000
0.176558 4.98357 68.4693 560.095 -2329.58 -100000
0.176864 5.00458 68.6409 559.377 -2360.23 -100000
0.177171 5.02565 68.8122 558.648 -2390.89 -100000
0.177477 5.04677 68.9833 557.911 -2421.54 -100000
0.177784 5.06794 69.1542 557.164 -2452.19 -100000
0.17809 5.08916 69.3249 556.408 -2482.84 -100000
0.178397 5.11044 69.4953 555.642 -2513.49 -100000
0.178703 5.13176 69.6655 554.867 -2544.15 -100000
0.17901 5.15314 69.8355 554.082 -2574.8 -100000
0.179316 5.17458 70.0052 553.288 -2605.45 -100000
0.179623 5.19606 70.1747 552.485 -2636.1 -100000
0.179929 5.2176 70.3439 551.672 -2666.76 -100000
0.180236 5.23919 70.5129 550.85 -2697.41 -100000
0.180543 5.26082 70.6816 550.019 -2728.06 -100000
0.180849 5.28252 70.8501 549.178 -2758.71 -100000
0.181156 5.30426 71.0183 548.327 -2789.37 -100000
0.181462 5.32605 71.1862 547.468 -2820.02 -100000
0.181769 5.3479 71.3539 546.599 -2850.67 -100000
0.182075 5.3698 71.5213 545.72 -2881.32 -100000
0.182382 5.39175 71.6885 544.832 -2911.98 -100000
0.182688 5.41375 71.8553 543.935 -2942.63 -100000
0.182995 5.4358 72.0219 543.028 -2973.28 -100000
0.183301 5.4579 72.1882 542.112 -3003.93 -100000
0.183608 5.48005 72.3543 541.187 -3034.59 -100000
0.183914 5.50225 72.52 540.252 -3065.24 -100000
0.184221 5.52451 72.6855 539.307 -3095.89 -100000
0.184527 5.54681 72.8506 538.354 -3126.54 -100000
0.184834 5.56917 73.0155 537.391 -3157.19 -100000
0.18514 5.59158 73.1801 536.418 -3187.85 -100000
0.185447 5.61403 73.3443 535.436 -3218.5 -100000
0.185753 5.63654 73.5083 534.445 -3249.15 -100000
0.18606 5.6591 73.672 533.445 -3279.8 -100000
0.186366 5.6817 73.8353 532.435 -3310.46 -100000
0.186673 5.70436 73.9984 531.415 -3341.11 -100000
0.18698 5.72707 74.1611 530.386 -3371.76 -100000
0.187286 5.74983 74.3235 529.348 -3402.41 -100000
0.187593 5.77263 74.4856 528.3 -3433.07 -100000
0.187899 5.79549 74.6474 527.243 -3463.72 -100000
0.188206 5.8184 74.8089 526.177 -3494.37 -100000
0.188512 5.84135 74.97 525.101 -3525.02 -100000
0.188819 5.86436 75.1308 524.016 -3555.68 -100000
0.189125 5.88741 75.2912 522.921 -3586.33 -100000
0.189432 5.91051 75.4513 521.817 -3616.98 -100000
0.189738 5.93366 75.6111 520.704 -3647.63 -100000
0.190045 5.95687 75.7706 519.581 -3678.29 -100000
0.190351 5.98012 75.9297 518.449 -3708.94 -100000
0.190658 6.00341 76.0884 517.307 -3739.59 -100000
0.190964 6.02676 76.2468 516.157 -3770.24 -100000
0.191271 6.05016 76.4048 514.996 -3800.89 -100000
0.191577 6.0736 76.5625 513.826 -3831.55 -100000
0.191884 6.09709 76.7198 512.647 -3862.2 -100000
0.19219 6.12063 76.8768 511.459 -3892.85 -100000
0.192497 6.14422 77.0334 510.261 -3923.5 -100000
0.192803 6.16786 77.1896 509.053 -3954.16 -100000
0.19311 6.19154 77.3454 507.837 -3984.81 -100000
0.193417 6.21528 77.5009 506.61 -4015.46 -100000
0.193723 6.23905 77.656 505.375 -4046.11 -100000
0.19403 6.26288 77.8107 504.13 -4076.77 -100000
0.194336 6.28676 77.9651 502.876 -4107.42 -100000
0.194643 6.31068 78.119 501.612 -4138.07 -100000
0.194949 6.33465 78.2726 500.339 -4168.72 -100000
0.195256 6.35866 78.4258 499.056 -4199.38 -100000
0.195562 6.38273 78.5785 497.764 -4230.03 -100000
0.195869 6.40684 78.7309 496.463 -4260.68 -100000
0.196175 6.43099 78.8829 495.152 -4291.33 -100000
0.196482 6.45519 79.0345 493.832 -4321.99 -100000
0.196788 6.47944 79.1856 492.503 -4352.64 -100000
0.197095 6.50374 79.3364 491.164 -4383.29 -100000
0.197401 6.52808 79.4867 489.816 -4413.94 -100000
0.197708 6.55247 79.6367 488.458 -4444.59 -100000
0.198014 6.5769 79.7862 487.091 -4475.25 -100000
0.198321 6.60138 79.9353 485.714 -4505.9 -100000
0.198627 6.62591 80.0839 484.329 -4536.55 -100000
0.198934 6.65048 80.2322 482.933 -4567.2 -100000
0.19924 6.67509 80.38 481.529 -4597.86 -100000
0.199547 6.69975 80.5274 480.115 -4628.51 -100000
0.199853 6.72446 80.6743 478.691 -4659.16 -100000
0.20016 6.74921 80.8208 477.258 -4689.81 -100000
0.200467 6.77401 80.9669 475.816 -4720.47 -100000
0.200773 6.79885 81.1125 474.365 -4751.12 -100000
0.20108 6.82373 81.2577 472.903 -4781.77 -100000
0.201386 6.84866 81.4025 471.433 -4812.42 -100000
0.201693 6.87363 81.5467 469.953 -4843.08 -100000
0.201999 6.89865 81.6906 468.464 -4873.73 -100000
0.202306 6.92372 81.8339 466.965 -4904.38 -100000
0.202612 6.94882 81.9768 465.457 -4935.03 -100000
0.202919 6.97397 82.1193 463.94 -4965.69 -100000
0.203225 6.99916 82.2612 462.413 -4996.34 -100000
0.203532 7.0244 82.4027 460.877 -5026.99 -100000
0.203838 7.04968 82.5438 459.331 -5057.64 -100000
0.204145 7.075 82.6843 457.776 -5088.29 -100000
0.204451 7.10037 82.8244 456.212 -5118.95 -100000
0.204758 7.12578 82.964 454.638 -5149.6 -100000
0.205064 7.15123 83.1031 453.055 -5180.25 -100000
0.205371 7.17673 83.2418 451.463 -5210.9 -100000
0.205677 7.20226 83.3799 449.861 -5241.56 -100000
0.205984 7.22784 83.5175 448.249 -5272.21 -100000
0.20629 7.25346 83.6547 446.628 -5302.86 -100000
0.206597 7.27913 83.7913 444.998 -5333.51 -100000
0.206904 7.30483 83.9275 443.359 -5364.17 -100000
0.20721 7.33058 84.0631 441.71 -5394.82 -100000
0.207517 7.35636 84.1983 440.051 -5425.47 -100000
0.207823 7.38219 84.3329 438.384 -5456.12 -100000
0.20813 7.40806 84.467 436.707 -5486.78 -100000
0.208436 7.43398 84.6006 435.02 -5517.43 -100000
0.208743 7.45993 84.7337 433.324 -5548.08 -100000
0.209049 7.48592 84.8663 431.619 -5578.73 -100000
0.209356 7.51196 84.9983 429.904 -5609.39 -100000
0.209662 7.53803 85.1298 428.18 -5640.04 -100000
0.209969 7.56414 85.2608 426.447 -5670.69 -100000
0.210275 7.5903 85.3913 424.704 -5701.34 -100000
0.210582 7.61649 85.5212 422.951 -5731.99 -100000
0.210888 7.64273 85.6506 421.19 -5762.65 -100000
0.211195 7.669 85.7794 419.419 -5793.3 -100000
0.211501 7.69531 85.9077 417.638 -5823.95 -100000
0.211808 7.72167 86.0354 415.848 -5854.6 -100000
0.212114 7.74806 86.1626 414.049 -5885.26 -100000
0.212421 7.77449 86.2893 412.24 -5915.91 -100000
0.212727 7.80096 86.4153 410.422 -5946.56 -100000
0.213034 7.82747 86.5409 408.595 -5977.21 -100000
0.213341 7.85401 86.6658 406.758 -6007.87 -100000
0.213647 7.8806 86.7902 404.912 -6038.52 -100000
0.213954 7.90722 86.9141 403.056 -6069.17 -100000
0.21426 7.93388 87.0373 401.191 -6099.82 -100000
0.214567 7.96058 87.16 399.316 -6130.48 -100000
0.214873 7.98731 87.2821 397.433 -6161.13 -100000
0.21518 8.01408 87.4036 395.539 -6191.78 -100000
0.215486 8.04089 87.5246 393.637 -6222.43 -100000
0.215793 8.06774 87.645 391.725 -6253.08 -100000
0.216099 8.09462 87.7647 389.803 -6283.74 -100000
0.216406 8.12154 87.8839 387.873 -6314.39 -100000
0.216712 8.1485 88.0025 385.932 -6345.04 -100000
0.217019 8.17549 88.1205 383.983 -6375.69 -100000
0.217325 8.20252 88.2379 382.024 -6406.35 -100000
0.217632 8.22959 88.3547 380.055 -6437 -100000
0.217938 8.25669 88.4709 378.078 -6467.65 -100000
0.218245 8.28382 88.5865 376.09 -6498.3 -100000
0.218551 8.311 88.7015 374.094 -6528.96 -100000
0.218858 8.3382 88.8158 372.088 -6559.61 -100000
0.219164 8.36544 88.9296 370.072 -6590.26 -100000
0.219471 8.39272 89.0427 368.048 -6620.91 -100000
0.219778 8.42003 89.1552 366.014 -6651.57 -100000
0.220084 8.44738 89.2671 363.97 -6682.22 -100000
0.220391 8.47476 89.3783 361.917 -6712.87 -100000
0.220697 8.50217 89.489 359.855 -6743.52 -100000
0.221004 8.52962 89.5989 357.783 -6774.18 -100000
0.22131 8.5571 89.7083 355.702 -6804.83 -100000
0.221617 8.58461 89.817 353.611 -6835.48 -100000
0.221923 8.61216 89.9251 351.511 -6866.13 -100000
0.22223 8.63974 90.0325 349.402 -6896.78 -100000
0.222536 8.66735 90.1393 347.283 -6927.44 -100000
0.222843 8.695 90.2454 345.155 -6958.09 -100000
0.223149 8.72268 90.3509 343.018 -6988.74 -100000
0.223456 8.75039 90.4557 340.871 -7019.39 -100000
0.223762 8.77813 90.5598 338.714 -7050.05 -100000
0.224069 8.80591 90.6633 336.549 -7080.7 -100000
0.224375 8.83371 90.7662 334.374 -7111.35 -100000
0.224682 8.86155 90.8683 332.189 -7142 -100000
0.224988 8.88942 90.9698 329.995 -7172.66 -100000
0.225295 8.91732 91.0706 327.792 -7203.31 -100000
0.225601 8.94525 91.1708 325.579 -7233.96 -100000
0.225908 8.97321 91.2702 323.357 -7264.61 -100000
0.226215 9.0012 91.369 321.126 -7295.27 -100000
0.226521 9.02923 91.4671 318.885 -7325.92 -100000
0.226828 9.05728 91.5645 316.634 -7356.57 -100000
0.227134 9.08536 91.6612 314.375 -7387.22 -100000
0.227441 9.11347 91.7572 312.106 -7417.88 -100000
0.227747 9.14161 91.8525 309.827 -7448.53 -100000
0.228054 9.16978 91.9471 307.539 -7479.18 -100000
0.22836 9.19798 92.0411 305.242 -7509.83 -100000
0.228667 9.22621 92.1343 302.936 -7540.48 -100000
0.228973 9.25446 92.2268 300.62 -7571.14 -100000
0.22928 9.28274 92.3186 298.294 -7601.79 -100000
0.229586 9.31106 92.4096 295.959 -7632.44 -100000
0.229893 9.3394 92.5 293.615 -7663.09 100000
0.230199 9.36776 92.5896 291.271 -7632.44 100000
0.230506 9.39616 92.6786 288.936 -7601.79 100000
0.230812 9.42458 92.7668 286.611 -7571.14 100000
0.231119 9.45303 92.8543 284.295 -7540.48 100000
0.231425 9.4815 92.9411 281.988 -7509.83 100000
0.231732 9.51001 93.0271 279.691 -7479.18 100000
0.232038 9.53853 93.1125 277.403 -7448.53 100000
0.232345 9.56709 93.1972 275.124 -7417.88 100000
0.232652 9.59567 93.2812 272.855 -7387.22 100000
0.232958 9.62427 93.3645 270.596 -7356.57 100000
0.233265 9.6529 93.4471 268.345 -7325.92 100000
0.233571 9.68156 93.529 266.105 -7295.27 100000
0.233878 9.71024 93.6102 263.873 -7264.61 100000
0.234184 9.73895 93.6908 261.651 -7233.96 100000
0.234491 9.76768 93.7706 259.438 -7203.31 100000
0.234797 9.79643 93.8498 257.235 -7172.66 100000
0.235104 9.82521 93.9283 255.041 -7142 100000
0.23541 9.85402 94.0062 252.857 -7111.35 100000
0.235717 9.88284 94.0833 250.682 -7080.7 100000
0.236023 9.91169 94.1598 248.516 -7050.05 100000
0.23633 9.94057 94.2357 246.359 -7019.39 100000
0.236636 9.96947 94.3109 244.213 -6988.74 100000
0.236943 9.99839 94.3854 242.075 -6958.09 100000
0.237249 10.0273 94.4593 239.947 -6927.44 100000
0.237556 10.0563 94.5325 237.828 -6896.78 100000
0.237862 10.0853 94.6051 235.719 -6866.13 100000
0.238169 10.1143 94.677 233.619 -6835.48 100000
0.238475 10.1433 94.7483 231.528 -6804.83 100000
0.238782 10.1724 94.8189 229.447 -6774.18 100000
0.239089 10.2015 94.889 227.376 -6743.52 100000
0.239395 10.2305 94.9583 225.313 -6712.87 100000
0.239702 10.2597 95.0271 223.26 -6682.22 100000
0.240008 10.2888 95.0952 221.217 -6651.57 100000
0.240315 10.318 95.1627 219.182 -6620.91 100000
0.240621 10.3471 95.2296 217.158 -6590.26 100000
0.240928 10.3763 95.2958 215.142 -6559.61 100000
0.241234 10.4056 95.3615 213.136 -6528.96 100000
0.241541 10.4348 95.4265 211.14 -6498.3 100000
0.241847 10.4641 95.4909 209.153 -6467.65 100000
0.242154 10.4933 95.5547 207.175 -6437 100000
0.24246 10.5226 95.6179 205.206 -6406.35 100000
0.242767 10.552 95.6805 203.247 -6375.69 100000
0.243073 10.5813 95.7425 201.298 -6345.04 100000
0.24338 10.6107 95.8039 199.358 -6314.39 100000
0.243686 10.64 95.8647 197.427 -6283.74 100000
0.243993 10.6694 95.925 195.505 -6253.08 100000
0.244299 10.6988 95.9846 193.593 -6222.43 100000
0.244606 10.7283 96.0436 191.691 -6191.78 100000
0.244912 10.7577 96.1021 189.797 -6161.13 100000
0.245219 10.7872 96.16 187.914 -6130.48 100000
0.245526 10.8167 96.2173 186.039 -6099.82 100000
0.245832 10.8462 96.2741 184.174 -6069.17 100000
0.246139 10.8757 96.3302 182.319 -6038.52 100000
0.246445 10.9052 96.3858 180.472 -6007.87 100000
0.246752 10.9348 96.4409 178.635 -5977.21 100000
0.247058 10.9643 96.4953 176.808 -5946.56 100000
0.247365 10.9939 96.5493 174.99 -5915.91 100000
0.247671 11.0235 96.6026 173.181 -5885.26 100000
0.247978 11.0532 96.6554 171.382 -5854.6 100000
0.248284 11.0828 96.7077 169.592 -5823.95 100000
0.248591 11.1124 96.7594 167.812 -5793.3 100000
0.248897 11.1421 96.8106 166.04 -5762.65 100000
0.249204 11.1718 96.8612 164.279 -5731.99 100000
0.24951 11.2015 96.9113 162.527 -5701.34 100000
0.249817 11.2312 96.9608 160.784 -5670.69 100000
0.250123 11.2609 97.0098 159.05 -5640.04 100000
0.25043 11.2907 97.0583 157.326 -5609.39 100000
0.250736 11.3204 97.1063 155.611 -5578.73 100000
0.251043 11.3502 97.1537 153.906 -5548.08 100000
0.251349 11.38 97.2006 152.21 -5517.43 100000
0.251656 11.4098 97.247 150.524 -5486.78 100000
0.251963 11.4396 97.2929 148.846 -5456.12 100000
0.252269 11.4694 97.3383 147.179 -5425.47 100000
0.252576 11.4993 97.3831 145.52 -5394.82 100000
0.252882 11.5291 97.4275 143.871 -5364.17 100000
0.253189 11.559 97.4713 142.232 -5333.51 100000
0.253495 11.5889 97.5147 140.602 -5302.86 100000
0.253802 11.6188 97.5575 138.981 -5272.21 100000
0.254108 11.6487 97.5999 137.37 -5241.56 100000
0.254415 11.6786 97.6418 135.768 -5210.9 100000
0.254721 11.7086 97.6831 134.175 -5180.25 100000
0.255028 11.7385 97.724 132.592 -5149.6 100000
0.255334 11.7685 97.7644 131.018 -5118.95 100000
0.255641 11.7984 97.8043 129.454 -5088.29 100000
0.255947 11.8284 97.8438 127.899 -5057.64 100000
0.256254 11.8584 97.8827 126.353 -5026.99 100000
0.25656 11.8884 97.9212 124.817 -4996.34 100000
0.256867 11.9185 97.9593 123.29 -4965.69 100000
0.257173 11.9485 97.9968 121.773 -4935.03 100000
0.25748 11.9785 98.0339 120.265 -4904.38 100000
0.257786 12.0086 98.0706 118.766 -4873.73 100000
0.258093 12.0387 98.1067 117.277 -4843.08 100000
0.2584 12.0687 98.1425 115.797 -4812.42 100000
0.258706 12.0988 98.1777 114.327 -4781.77 100000
0.259013 12.1289 98.2125 112.866 -4751.12 100000
0.259319 12.159 98.2469 111.414 -4720.47 100000
0.259626 12.1892 98.2808 109.972 -4689.81 100000
0.259932 12.2193 98.3143 108.539 -4659.16 100000
0.260239 12.2494 98.3474 107.115 -4628.51 100000
0.260545 12.2796 98.38 105.701 -4597.86 100000
0.260852 12.3097 98.4122 104.297 -4567.2 100000
0.261158 12.3399 98.4439 102.902 -4536.55 100000
0.261465 12.3701 98.4753 101.516 -4505.9 100000
0.261771 12.4003 98.5062 100.139 -4475.25 100000
0.262078 12.4305 98.5367 98.7721 -4444.59 100000
0.262384 12.4607 98.5667 97.4144 -4413.94 100000
0.262691 12.4909 98.5964 96.0662 -4383.29 100000
0.262997 12.5211 98.6256 94.7273 -4352.64 100000
0.263304 12.5514 98.6545 93.3978 -4321.99 100000
0.26361 12.5816 98.6829 92.0777 -4291.33 100000
0.263917 12.6119 98.7109 90.767 -4260.68 100000
0.264223 12.6421 98.7385 89.4657 -4230.03 100000
0.26453 12.6724 98.7658 88.1738 -4199.38 100000
0.264837 12.7027 98.7926 86.8913 -4168.72 100000
0.265143 12.733 98.819 85.6182 -4138.07 100000
0.26545 12.7632 98.8451 84.3544 -4107.42 100000
0.265756 12.7936 98.8707 83.1001 -4076.77 100000
0.266063 12.8239 98.896 81.8552 -4046.11 100000
0.266369 12.8542 98.9209 80.6197 -4015.46 100000
0.266676 12.8845 98.9454 79.3935 -3984.81 100000
0.266982 12.9148 98.9696 78.1768 -3954.16 100000
0.267289 12.9452 98.9934 76.9694 -3923.5 100000
0.267595 12.9755 99.0168 75.7715 -3892.85 100000
0.267902 13.0059 99.0398 74.5829 -3862.2 100000
0.268208 13.0362 99.0625 73.4038 -3831.55 100000
0.268515 13.0666 99.0848 72.234 -3800.89 100000
0.268821 13.097 99.1068 71.0736 -3770.24 100000
0.269128 13.1274 99.1284 69.9227 -3739.59 100000
0.269434 13.1578 99.1497 68.7811 -3708.94 100000
0.269741 13.1881 99.1706 67.6489 -3678.29 100000
0.270047 13.2186 99.1911 66.5261 -3647.63 100000
0.270354 13.249 99.2113 65.4127 -3616.98 100000
0.27066 13.2794 99.2312 64.3087 -3586.33 100000
0.270967 13.3098 99.2508 63.2142 -3555.68 100000
0.271274 13.3402 99.27 62.1289 -3525.02 100000
0.27158 13.3706 99.2889 61.0531 -3494.37 100000
0.271887 13.4011 99.3074 59.9867 -3463.72 100000
0.272193 13.4315 99.3256 58.9297 -3433.07 100000
0.2725 13.462 99.3435 57.8821 -3402.41 100000
0.272806 13.4924 99.3611 56.8439 -3371.76 100000
0.273113 13.5229 99.3784 55.8151 -3341.11 100000
0.273419 13.5534 99.3953 54.7956 -3310.46 100000
0.273726 13.5838 99.412 53.7856 -3279.8 100000
0.274032 13.6143 99.4283 52.7849 -3249.15 100000
0.274339 13.6448 99.4443 51.7937 -3218.5 100000
0.274645 13.6753 99.4601 50.8119 -3187.85 100000
0.274952 13.7058 99.4755 49.8394 -3157.19 100000
0.275258 13.7362 99.4906 48.8763 -3126.54 100000
0.275565 13.7667 99.5055 47.9227 -3095.89 100000
0.275871 13.7972 99.52 46.9784 -3065.24 100000
0.276178 13.8278 99.5343 46.0435 -3034.59 100000
0.276484 13.8583 99.5482 45.1181 -3003.93 100000
0.276791 13.8888 99.5619 44.202 -2973.28 100000
0.277097 13.9193 99.5753 43.2953 -2942.63 100000
0.277404 13.9498 99.5885 42.398 -2911.98 100000
0.277711 13.9804 99.6013 41.5101 -2881.32 100000
0.278017 14.0109 99.6139 40.6316 -2850.67 100000
0.278324 14.0414 99.6262 39.7625 -2820.02 100000
0.27863 14.072 99.6383 38.9028 -2789.37 100000
0.278937 14.1025 99.6501 38.0525 -2758.71 100000
0.279243 14.1331 99.6616 37.2116 -2728.06 100000
0.27955 14.1636 99.6729 36.3801 -2697.41 100000
0.279856 14.1942 99.6839 35.558 -2666.76 100000
0.280163 14.2247 99.6947 34.7452 -2636.1 100000
0.280469 14.2553 99.7052 33.9419 -2605.45 100000
0.280776 14.2858 99.7155 33.148 -2574.8 100000
0.281082 14.3164 99.7255 32.3634 -2544.15 100000
0.281389 14.347 99.7353 31.5883 -2513.49 100000
0.281695 14.3775 99.7449 30.8225 -2482.84 100000
0.282002 14.4081 99.7542 30.0662 -2452.19 100000
0.282308 14.4387 99.7633 29.3192 -2421.54 100000
0.282615 14.4693 99.7722 28.5817 -2390.89 100000
0.282921 14.4999 99.7809 27.8535 -2360.23 100000
0.283228 14.5305 99.7893 27.1347 -2329.58 100000
0.283534 14.561 99.7975 26.4254 -2298.93 100000
0.283841 14.5916 99.8055 25.7254 -2268.28 100000
0.284148 14.6222 99.8133 25.0348 -2237.62 100000
0.284454 14.6528 99.8208 24.3536 -2206.97 100000
0.284761 14.6834 99.8282 23.6818 -2176.32 100000
0.285067 14.714 99.8354 23.0194 -2145.67 100000
0.285374 14.7446 99.8423 22.3664 -2115.01 100000
0.28568 14.7752 99.8491 21.7228 -2084.36 100000
0.285987 14.8058 99.8556 21.0886 -2053.71 100000
0.286293 14.8364 99.862 20.4638 -2023.06 100000
0.2866 14.8671 99.8682 19.8484 -1992.4 100000
0.286906 14.8977 99.8742 19.2424 -1961.75 100000
0.287213 14.9283 99.88 18.6457 -1931.1 100000
0.287519 14.9589 99.8856 18.0585 -1900.45 100000
0.287826 14.9895 99.891 17.4807 -1869.8 100000
0.288132 15.0201 99.8963 16.9122 -1839.14 100000
0.288439 15.0508 99.9014 16.3532 -1808.49 100000
0.288745 15.0814 99.9063 15.8035 -1777.84 100000
0.289052 15.112 99.9111 15.2633 -1747.19 100000
0.289358 15.1426 99.9157 14.7324 -1716.53 100000
0.289665 15.1733 99.9201 14.211 -1685.88 100000
0.289971 15.2039 99.9244 13.6989 -1655.23 100000
0.290278 15.2345 99.9285 13.1962 -1624.58 100000
0.290585 15.2652 99.9325 12.703 -1593.92 100000
0.290891 15.2958 99.9363 12.2191 -1563.27 100000
0.291198 15.3264 99.94 11.7446 -1532.62 100000
0.291504 15.3571 99.9435 11.2795 -1501.97 100000
0.291811 15.3877 99.9469 10.8238 -1471.31 100000
0.292117 15.4183 99.9502 10.3775 -1440.66 100000
0.292424 15.449 99.9533 9.94063 -1410.01 100000
0.29273 15.4796 99.9563 9.51313 -1379.36 100000
0.293037 15.5102 99.9591 9.09502 -1348.7 100000
0.293343 15.5409 99.9618 8.68631 -1318.05 100000
0.29365 15.5715 99.9644 8.28699 -1287.4 100000
0.293956 15.6022 99.9669 7.89707 -1256.75 100000
0.294263 15.6328 99.9693 7.51655 -1226.1 100000
0.294569 15.6634 99.9715 7.14542 -1195.44 100000
0.294876 15.6941 99.9737 6.78368 -1164.79 100000
0.295182 15.7247 99.9757 6.43134 -1134.14 100000
0.295489 15.7554 99.9776 6.0884 -1103.49 100000
0.295795 15.786 99.9794 5.75486 -1072.83 100000
0.296102 15.8167 99.9811 5.4307 -1042.18 100000
0.296408 15.8473 99.9828 5.11595 -1011.53 100000
0.296715 15.878 99.9843 4.81059 -980.876 100000
0.297022 15.9086 99.9857 4.51463 -950.224 100000
0.297328 15.9393 99.987 4.22806 -919.571 100000
0.297635 15.9699 99.9883 3.95088 -888.919 100000
0.297941 16.0006 99.9895 3.68311 -858.267 100000
0.298248 16.0312 99.9906 3.42473 -827.614 100000
0.298554 16.0619 99.9916 3.17574 -796.962 100000
0.298861 16.0925 99.9925 2.93615 -766.309 100000
0.299167 16.1232 99.9934 2.70596 -735.657 100000
0.299474 16.1538 99.9942 2.48516 -705.005 100000
0.29978 16.1845 99.9949 2.27376 -674.352 100000
0.300087 16.2151 99.9956 2.07175 -643.7 100000
0.300393 16.2458 99.9962 1.87914 -613.048 100000
0.3007 16.2764 99.9967 1.69592 -582.395 100000
0.301006 16.3071 99.9972 1.5221 -551.743 100000
0.301313 16.3377 99.9976 1.35768 -521.09 100000
0.301619 16.3684 99.998 1.20265 -490.438 100000
0.301926 16.399 99.9984 1.05701 -459.786 100000
0.302232 16.4297 99.9987 0.920777 -429.133 100000
0.302539 16.4603 99.9989 0.793935 -398.481 100000
0.302845 16.491 99.9992 0.676489 -367.829 100000
0.303152 16.5216 99.9994 0.568439 -337.176 100000
0.303459 16.5523 99.9995 0.469784 -306.524 100000
0.303765 16.5829 99.9997 0.380525 -275.871 100000
0.304072 16.6136 99.9998 0.300662 -245.219 100000
0.304378 16.6442 99.9998 0.230194 -214.567 100000
0.304685 16.6749 99.9999 0.169122 -183.914 100000
0.304991 16.7055 99.9999 0.117446 -153.262 100000
0.305298 16.7362 100 0.0751655 -122.61 100000
0.305604 16.7669 100 0.0422806 -91.9571 100000
0.305911 16.7975 100 0.0187914 -61.3048 100000
0.306217 16.8282 100 0.00469784 -30.6524 100000
0.306524 16.8588 100 0 0 0
